3
15
1 10001 10000 0 0
1 10002 10000 300 300
1 10003 10000 0 300
1 20001 10001 200 200
1 20002 10001 100 300
1 30001 10003 0 0
1 40001 30001 240 240
2 20002 30001 340
2 10001 10003 540
3 10002 510
3 10003 1326
4 10001 200
4 20002 100
5 10002 510
5 10001 200
10
1 275 10000 0 0
1 194 275 0 0
1 879 194 574 574
1 523 194 510 1084
4 194 1084
3 275 2168
1 701 275 36 2204
4 194 1084
1 837 194 0 1084
5 879 574
45
1 9567 10000 0 0
4 9567 0
5 9567 0
1 195 10000 134 134
1 9282 10000 0 134
1 958 9282 291 291
4 9282 291
1 3319 9282 735 1026
3 9282 1798
4 9282 1026
4 9282 1026
1 5356 9282 499 1525
1 4586 9282 0 1525
3 9282 2767
3 4586 0
4 4586 0
1 9289 9282 707 3474
5 9282 3474
4 10000 134
1 2743 10000 333 467
1 5177 10000 0 467
5 2743 333
4 195 134
1 5099 5177 240 240
1 8235 5177 679 919
1 7230 5177 435 1354
3 5177 2470
1 6161 5177 0 2470
1 2113 5177 90 2560
1 1758 5177 0 2560
1 8492 5177 0 2560
3 5099 1150
1 6905 5177 853 3951
1 1930 5177 245 4196
2 5099 6161 1150
1 818 6161 817 1967
2 8492 1758 0
1 4018 5177 512 5525
1 6002 5177 536 6061
3 1758 0
1 6524 6161 0 1967
3 6524 0
1 7289 5177 562 6623
5 5099 1150
2 6524 1758 0