5
4 5
2 3 5
1
100 1
3
9 9 1
1
200 1
3
5 3 4
1
200 1
6
3 5 1
1
200 3
9
6 3 5
2
100 2
200 2
5
4 6
2 2 5
1
100 1
3
4 3 2
1
200 1
6
6 3 1
2
100 2
200 2
9
3 2 2
1
200 0
12
2 5 4
2
200 5
200 -1
15
5 5 5
2
200 -1
200 1
6
4 9
3 6 6
1
100 1
3
2 3 3
3
100 1
200 1
100 2
6
2 4 3
1
200 2
9
3 2 2
1
200 5
12
3 5 6
1
200 -2
15
5 2 1
1
200 1
18
3 5 1
1
200 2
21
4 2 2
1
200 3
24
9 9 1
1
200 2
4
4 9
1 1 4
1
200 0
3
1 3 6
1
100 3
6
6 3 6
1
200 1
9
4 4 3
1
200 1
12
4 5 4
1
200 2
15
3 6 4
1
200 2
18
6 4 4
1
200 3
21
4 2 4
1
200 3
24
9 9 2
1
200 1
6
6 12
3 4 1
1
200 0
3
6 1 4
1
200 1
6
4 2 1
1
200 2
9
6 6 2
1
200 3
12
3 2 2
1
200 4
15
1 6 3
1
200 5
18
5 1 1
1
200 0
21
5 4 3
1
200 1
24
3 1 6
1
200 2
27
1 3 4
1
200 3
30
6 2 2
1
200 4
33
1 1 1
1
200 4
7