1
20
1 1 0 0 0 0 0 1 1 0 0 0 0 0 0 0 0 0 0 0
0 0 1 0 0 1 1 0 0 0 0 0 0 1 1 0 0 1 0 0
0 0 1 0 0 0 0 0 1 0 1 0 1 0 0 0 0 0 0 0
0 0 0 0 1 0 0 0 1 0 1 0 0 0 0 0 1 0 0 0
0 0 1 0 0 0 0 0 0 0 0 0 0 0 1 1 0 0 0 0
0 1 0 0 0 0 0 0 0 0 0 0 0 1 0 0 0 0 0 0
0 0 1 0 0 0 0 0 0 0 1 0 0 0 0 1 0 0 0 0
0 0 0 0 1 0 0 0 0 0 0 1 1 1 0 0 0 0 1 0
0 0 1 0 1 1 1 0 0 0 0 1 1 0 0 0 0 0 1 0
0 0 0 0 0 0 0 0 1 0 0 0 1 0 1 0 1 0 0 1
1 0 0 0 0 0 0 1 1 0 1 0 0 0 0 0 0 1 1 0
0 0 1 0 1 1 0 1 0 1 1 0 0 0 0 0 0 0 0 0
0 1 0 0 1 0 0 0 0 1 1 0 0 0 1 0 0 0 0 0
0 0 0 0 0 0 0 0 0 0 0 0 0 0 0 0 0 0 0 0
0 1 0 0 1 0 0 1 0 0 0 1 1 1 0 0 0 1 1 0
0 1 0 0 0 0 0 1 1 0 0 1 0 1 0 0 1 0 0 0
0 1 0 0 0 0 1 0 0 1 0 0 1 0 0 1 0 0 0 0
0 0 0 0 1 1 0 0 1 1 0 0 0 1 0 0 0 1 0 0
0 1 0 1 0 0 0 0 0 0 0 0 0 1 1 0 0 0 0 0
0 1 0 1 1 0 0 0 0 0 1 0 0 0 0 0 0 0 0 0
30
1 20
2 2 10 6 7 11 9 16 8 0 1 18 14 18 7 10 5 17 1 14 8 15 5 11 3 19 6 8 6 16 2 6 13 1 13 5 2 8 17 10
0 20
15 18 11 1 19 13 18 6 5 11 13 5 16 10 19 18 13 10 3 19 13 6 14 7 17 5 15 7 19 16 2 5 10 13 0 12 7 10 18 15
0 20
13 13 6 19 15 10 12 11 11 16 16 17 8 12 3 16 8 11 9 13 14 6 9 0 4 4 17 3 11 13 0 6 3 3 2 10 15 17 11 5
0 20
3 7 3 8 11 11 0 11 12 13 12 3 5 15 4 15 7 1 15 14 17 7 6 17 1 9 3 17 12 17 16 11 15 13 0 17 5 6 6 14
0 20
16 2 8 8 5 19 19 14 0 2 9 14 14 14 15 15 10 5 4 0 13 3 0 19 12 6 14 8 18 12 10 7 2 6 7 16 3 11 14 17
0 20
3 10 5 3 19 10 15 2 5 2 14 2 5 12 6 5 13 11 3 9 11 3 11 17 6 11 1 18 3 12 19 11 12 12 2 15 0 14 4 1
0 20
9 6 1 14 15 19 18 4 12 0 19 12 18 18 18 5 9 16 16 18 8 15 10 8 1 8 4 6 5 14 7 8 2 19 4 18 11 2 7 11
0 20
6 6 18 11 0 9 16 0 7 17 17 2 9 3 15 5 14 16 6 15 15 1 11 10 13 4 12 18 3 13 6 12 15 9 3 0 13 19 5 4
0 20
11 18 7 9 10 14 7 2 19 3 8 14 1 13 5 10 14 19 16 5 15 0 10 1 7 18 17 11 18 3 19 0 9 1 1 4 17 18 8 18
0 20
9 8 3 6 1 11 5 7 7 4 2 14 16 14 13 12 18 17 18 0 16 6 13 9 9 5 0 4 10 6 3 2 8 6 18 19 0 7 14 15
0 20
2 3 16 8 10 4 13 1 17 10 12 10 11 4 2 13 2 12 6 2 4 5 8 1 16 19 14 13 8 16 19 17 2 16 19 2 10 15 1 10
1 20
16 2 17 11 1 18 11 14 1 11 13 9 1 4 15 17 6 14 7 14 3 18 16 5 14 1 19 14 19 11 13 12 18 0 18 3 4 1 10 6
0 20
11 0 12 4 9 7 15 12 3 18 13 8 19 8 19 14 12 1 6 8 18 3 17 11 1 6 6 4 9 10 8 5 19 19 5 5 11 9 11 14
0 20
9 19 16 12 10 6 1 18 16 13 7 19 1 1 5 16 15 17 6 18 14 11 13 0 7 6 6 13 1 3 0 8 3 1 13 2 15 8 9 2
0 20
13 12 19 4 17 6 3 5 1 4 1 7 15 11 4 1 6 3 10 17 17 9 18 0 2 9 4 16 2 18 18 2 7 12 18 1 16 7 4 13
0 20
17 15 7 5 19 11 11 12 17 0 11 19 18 13 13 9 19 5 0 3 0 16 8 4 1 17 12 5 17 19 3 4 8 0 16 5 16 2 8 19
0 20
9 18 2 2 5 13 10 0 1 2 17 8 9 4 4 9 3 14 4 10 18 9 6 0 6 10 2 7 9 15 0 18 2 8 7 7 16 4 13 16
0 20
19 7 14 0 7 3 0 15 6 7 19 1 6 9 8 7 14 3 14 1 7 14 0 5 7 13 18 16 6 14 15 3 10 18 5 0 10 16 19 6
1 20
3 9 7 1 18 19 6 10 9 7 1 18 6 9 2 12 0 10 7 14 8 2 13 11 10 19 12 6 14 8 0 16 0 6 15 7 13 14 1 14
0 20
9 7 12 19 7 1 6 16 11 6 9 9 12 6 0 13 12 15 17 16 8 2 17 13 10 19 13 11 15 7 0 1 2 12 18 19 16 16 14 5
0 20
5 9 2 17 14 10 6 9 7 14 5 18 1 11 13 14 4 2 5 17 8 13 2 0 1 14 0 6 0 16 3 15 1 18 3 9 14 18 19 15
0 7
6 10 16 1 10 9 0 10 14 8 17 12 17 4
1 20
12 6 18 17 12 10 8 13 1 1 2 2 5 7 13 10 6 11 15 12 7 8 17 7 9 0 7 13 2 6 17 0 0 16 1 4 19 10 3 2
0 20
7 8 5 7 17 0 3 2 12 6 8 13 15 12 13 10 17 7 9 0 7 13 0 16 12 10 2 2 19 10 1 1 2 6 6 11 18 17 1 4
1 20
4 1 18 17 5 19 1 7 2 3 19 19 10 14 1 4 12 2 14 16 8 13 12 15 18 13 12 17 3 1 9 0 2 8 3 13 7 15 10 2
0 20
10 2 12 17 19 19 10 14 9 0 4 1 1 4 7 15 18 17 14 16 8 13 12 2 2 8 1 7 5 19 3 13 3 1 2 3 12 15 18 13
1 20
8 3 17 8 2 15 18 16 3 9 19 6 15 4 17 3 4 4 0 9 7 6 18 2 0 4 11 8 8 13 15 12 0 3 12 19 10 4 5 11
0 20
0 4 10 4 12 19 0 3 18 2 17 8 11 8 2 15 19 6 15 4 8 13 7 6 17 3 8 3 15 12 3 9 0 9 4 4 18 16 5 11
1 20
8 7 1 4 10 6 3 1 5 18 10 3 0 8 15 1 9 8 18 15 0 7 10 9 3 6 1 10 0 17 16 12 12 8 2 17 6 14 10 10
0 20
15 1 16 12 12 8 18 15 0 8 10 3 2 17 5 18 10 6 9 8 10 10 0 17 6 14 1 10 3 1 8 7 10 9 0 7 1 4 3 6
6749
