5
1
1
3
1 1
0 0
0 1
0 0
1 1
0 0
7
5
0 1 1 0 0
1 1 1 0 0
0 1 0 0 0
1 0 0 1 0
0 1 0 0 0
3
1 4
2 0 2 1 0 3 1 2
1 2
1 4 0 1
1 3
3 3 1 0 1 1
62
10
1 1 0 0 0 0 1 0 0 0
0 0 0 0 1 1 0 0 0 0
0 0 0 0 0 1 1 1 0 0
0 0 0 1 0 0 0 1 0 1
0 1 0 0 0 1 1 0 0 0
0 0 0 1 0 0 0 1 1 0
0 0 0 0 0 1 0 1 0 0
0 1 1 1 0 0 0 1 1 1
0 1 0 0 1 0 0 0 0 0
0 0 1 0 1 0 0 0 0 1
5
1 3
8 7 0 0 2 9
0 10
9 6 2 9 8 4 8 2 5 7 6 6 2 2 7 8 1 6 6 8
0 6
8 7 0 8 4 0 2 5 3 2 6 5
0 6
5 0 8 1 2 3 1 3 0 0 3 9
1 5
7 2 3 9 8 1 5 2 0 0
356
20
1 1 0 0 0 0 0 1 1 0 0 0 0 0 0 0 0 0 0 0
0 0 1 0 0 1 1 0 0 0 0 0 0 1 1 0 0 1 0 0
0 0 1 0 0 0 0 0 1 0 1 0 1 0 0 0 0 0 0 0
0 0 0 0 1 0 0 0 1 0 1 0 0 0 0 0 1 0 0 0
0 0 1 0 0 0 0 0 0 0 0 0 0 0 1 1 0 0 0 0
0 1 0 0 0 0 0 0 0 0 0 0 0 1 0 0 0 0 0 0
0 0 1 0 0 0 0 0 0 0 1 0 0 0 0 1 0 0 0 0
0 0 0 0 1 0 0 0 0 0 0 1 1 1 0 0 0 0 1 0
0 0 1 0 1 1 1 0 0 0 0 1 1 0 0 0 0 0 1 0
0 0 0 0 0 0 0 0 1 0 0 0 1 0 1 0 1 0 0 1
1 0 0 0 0 0 0 1 1 0 1 0 0 0 0 0 0 1 1 0
0 0 1 0 1 1 0 1 0 1 1 0 0 0 0 0 0 0 0 0
0 1 0 0 1 0 0 0 0 1 1 0 0 0 1 0 0 0 0 0
0 0 0 0 0 0 0 0 0 0 0 0 0 0 0 0 0 0 0 0
0 1 0 0 1 0 0 1 0 0 0 1 1 1 0 0 0 1 1 0
0 1 0 0 0 0 0 1 1 0 0 1 0 1 0 0 1 0 0 0
0 1 0 0 0 0 1 0 0 1 0 0 1 0 0 1 0 0 0 0
0 0 0 0 1 1 0 0 1 1 0 0 0 1 0 0 0 1 0 0
0 1 0 1 0 0 0 0 0 0 0 0 0 1 1 0 0 0 0 0
0 1 0 1 1 0 0 0 0 0 1 0 0 0 0 0 0 0 0 0
30
1 20
2 2 10 6 7 11 9 16 8 0 1 18 14 18 7 10 5 17 1 14 8 15 5 11 3 19 6 8 6 16 2 6 13 1 13 5 2 8 17 10
0 20
15 18 11 1 19 13 18 6 5 11 13 5 16 10 19 18 13 10 3 19 13 6 14 7 17 5 15 7 19 16 2 5 10 13 0 12 7 10 18 15
0 20
13 13 6 19 15 10 12 11 11 16 16 17 8 12 3 16 8 11 9 13 14 6 9 0 4 4 17 3 11 13 0 6 3 3 2 10 15 17 11 5
0 20
3 7 3 8 11 11 0 11 12 13 12 3 5 15 4 15 7 1 15 14 17 7 6 17 1 9 3 17 12 17 16 11 15 13 0 17 5 6 6 14
0 20
16 2 8 8 5 19 19 14 0 2 9 14 14 14 15 15 10 5 4 0 13 3 0 19 12 6 14 8 18 12 10 7 2 6 7 16 3 11 14 17
0 20
3 10 5 3 19 10 15 2 5 2 14 2 5 12 6 5 13 11 3 9 11 3 11 17 6 11 1 18 3 12 19 11 12 12 2 15 0 14 4 1
0 20
9 6 1 14 15 19 18 4 12 0 19 12 18 18 18 5 9 16 16 18 8 15 10 8 1 8 4 6 5 14 7 8 2 19 4 18 11 2 7 11
0 20
6 6 18 11 0 9 16 0 7 17 17 2 9 3 15 5 14 16 6 15 15 1 11 10 13 4 12 18 3 13 6 12 15 9 3 0 13 19 5 4
0 20
11 18 7 9 10 14 7 2 19 3 8 14 1 13 5 10 14 19 16 5 15 0 10 1 7 18 17 11 18 3 19 0 9 1 1 4 17 18 8 18
0 20
9 8 3 6 1 11 5 7 7 4 2 14 16 14 13 12 18 17 18 0 16 6 13 9 9 5 0 4 10 6 3 2 8 6 18 19 0 7 14 15
0 20
2 3 16 8 10 4 13 1 17 10 12 10 11 4 2 13 2 12 6 2 4 5 8 1 16 19 14 13 8 16 19 17 2 16 19 2 10 15 1 10
1 20
16 2 17 11 1 18 11 14 1 11 13 9 1 4 15 17 6 14 7 14 3 18 16 5 14 1 19 14 19 11 13 12 18 0 18 3 4 1 10 6
0 20
11 0 12 4 9 7 15 12 3 18 13 8 19 8 19 14 12 1 6 8 18 3 17 11 1 6 6 4 9 10 8 5 19 19 5 5 11 9 11 14
0 20
9 19 16 12 10 6 1 18 16 13 7 19 1 1 5 16 15 17 6 18 14 11 13 0 7 6 6 13 1 3 0 8 3 1 13 2 15 8 9 2
0 20
13 12 19 4 17 6 3 5 1 4 1 7 15 11 4 1 6 3 10 17 17 9 18 0 2 9 4 16 2 18 18 2 7 12 18 1 16 7 4 13
0 20
17 15 7 5 19 11 11 12 17 0 11 19 18 13 13 9 19 5 0 3 0 16 8 4 1 17 12 5 17 19 3 4 8 0 16 5 16 2 8 19
0 20
9 18 2 2 5 13 10 0 1 2 17 8 9 4 4 9 3 14 4 10 18 9 6 0 6 10 2 7 9 15 0 18 2 8 7 7 16 4 13 16
0 20
19 7 14 0 7 3 0 15 6 7 19 1 6 9 8 7 14 3 14 1 7 14 0 5 7 13 18 16 6 14 15 3 10 18 5 0 10 16 19 6
1 20
3 9 7 1 18 19 6 10 9 7 1 18 6 9 2 12 0 10 7 14 8 2 13 11 10 19 12 6 14 8 0 16 0 6 15 7 13 14 1 14
0 20
9 7 12 19 7 1 6 16 11 6 9 9 12 6 0 13 12 15 17 16 8 2 17 13 10 19 13 11 15 7 0 1 2 12 18 19 16 16 14 5
0 20
5 9 2 17 14 10 6 9 7 14 5 18 1 11 13 14 4 2 5 17 8 13 2 0 1 14 0 6 0 16 3 15 1 18 3 9 14 18 19 15
0 7
6 10 16 1 10 9 0 10 14 8 17 12 17 4
1 20
12 6 18 17 12 10 8 13 1 1 2 2 5 7 13 10 6 11 15 12 7 8 17 7 9 0 7 13 2 6 17 0 0 16 1 4 19 10 3 2
0 20
7 8 5 7 17 0 3 2 12 6 8 13 15 12 13 10 17 7 9 0 7 13 0 16 12 10 2 2 19 10 1 1 2 6 6 11 18 17 1 4
1 20
4 1 18 17 5 19 1 7 2 3 19 19 10 14 1 4 12 2 14 16 8 13 12 15 18 13 12 17 3 1 9 0 2 8 3 13 7 15 10 2
0 20
10 2 12 17 19 19 10 14 9 0 4 1 1 4 7 15 18 17 14 16 8 13 12 2 2 8 1 7 5 19 3 13 3 1 2 3 12 15 18 13
1 20
8 3 17 8 2 15 18 16 3 9 19 6 15 4 17 3 4 4 0 9 7 6 18 2 0 4 11 8 8 13 15 12 0 3 12 19 10 4 5 11
0 20
0 4 10 4 12 19 0 3 18 2 17 8 11 8 2 15 19 6 15 4 8 13 7 6 17 3 8 3 15 12 3 9 0 9 4 4 18 16 5 11
1 20
8 7 1 4 10 6 3 1 5 18 10 3 0 8 15 1 9 8 18 15 0 7 10 9 3 6 1 10 0 17 16 12 12 8 2 17 6 14 10 10
0 20
15 1 16 12 12 8 18 15 0 8 10 3 2 17 5 18 10 6 9 8 10 10 0 17 6 14 1 10 3 1 8 7 10 9 0 7 1 4 3 6
6749
100
0 0 1 0 0 0 1 0 0 0 0 1 0 0 1 0 0 0 0 0 0 0 0 1 1 0 0 0 0 1 0 0 0 1 1 0 1 0 0 1 0 0 1 0 1 0 0 1 0 1 0 0 0 0 0 0 0 1 0 1 0 0 1 0 1 0 1 0 1 0 1 0 1 0 0 0 0 1 1 1 0 0 0 0 0 0 0 0 0 0 0 0 1 0 0 0 0 0 0 0
0 0 0 0 1 0 0 0 0 0 0 0 0 0 0 0 0 0 0 0 0 1 0 0 0 0 1 1 1 0 0 0 0 0 1 1 1 0 1 1 0 0 0 0 0 1 0 0 0 1 0 0 0 0 1 0 0 0 1 0 0 0 0 1 0 0 0 0 0 0 0 0 0 0 0 1 0 0 0 0 0 1 0 1 0 0 0 0 0 1 0 1 1 1 0 0 0 0 1 0
0 0 0 0 0 0 0 0 0 1 0 0 0 0 1 0 0 0 1 1 1 1 0 0 1 1 0 0 0 0 0 0 1 0 0 0 0 0 1 0 0 0 0 0 0 0 0 0 1 0 0 1 0 0 0 0 0 0 0 1 1 0 1 0 1 0 1 0 0 0 1 1 0 0 0 0 0 1 1 0 0 0 0 0 0 1 1 0 0 1 0 1 0 0 1 1 0 0 0 0
0 0 0 0 0 0 1 0 1 1 1 1 0 0 0 0 0 0 0 0 0 0 0 0 0 1 0 1 0 0 0 0 0 0 1 0 0 0 1 0 0 0 0 0 0 1 1 0 1 0 0 0 0 1 0 0 1 0 1 0 0 0 1 0 1 0 0 0 0 1 1 0 1 0 0 0 0 0 0 1 0 0 0 0 0 1 1 1 0 0 1 1 0 0 0 0 1 0 0 0
0 0 0 0 0 0 0 0 0 1 0 0 0 0 0 0 0 1 1 0 0 0 0 1 1 1 0 0 0 1 1 0 0 0 0 1 1 0 0 0 1 0 0 0 0 1 0 0 0 0 0 0 0 1 0 0 1 0 0 0 0 1 1 0 1 0 1 0 0 0 0 0 0 1 0 0 0 0 0 0 0 0 1 1 0 0 0 0 0 0 0 0 0 0 0 0 0 1 0 0
0 0 1 0 1 0 0 0 0 0 0 1 1 0 0 0 0 0 1 0 0 1 1 0 0 1 0 0 0 0 0 1 1 0 0 0 0 1 0 0 0 0 0 0 0 0 0 0 0 0 0 0 1 1 1 0 1 0 0 0 1 0 1 1 0 0 0 0 0 1 0 0 0 0 1 1 0 0 0 0 0 1 0 0 0 1 0 0 0 0 0 0 1 0 1 0 0 0 0 0
0 0 0 0 0 1 0 1 0 1 0 0 1 0 0 0 0 0 1 0 0 1 0 1 1 0 1 0 1 0 0 0 0 1 1 0 0 0 0 0 0 0 0 1 0 0 1 0 0 0 1 0 0 0 0 1 0 0 0 0 0 0 0 0 0 1 0 0 0 0 0 0 0 0 1 0 1 0 0 1 0 0 0 1 0 1 0 0 0 0 0 0 0 1 1 0 1 0 0 0
0 0 1 0 1 0 0 0 0 0 0 0 0 0 0 0 0 0 1 1 0 0 0 1 0 0 0 0 0 0 0 1 0 0 0 0 0 1 0 0 0 0 0 0 0 1 0 1 1 0 0 1 0 0 0 1 0 1 0 1 0 0 1 0 0 0 1 1 0 0 0 1 0 0 0 0 1 0 0 0 0 0 0 1 0 0 0 0 1 1 1 0 0 0 1 0 0 0 0 0
1 0 0 0 1 0 0 1 0 1 1 0 0 0 0 0 1 0 0 0 0 1 1 0 0 0 0 1 0 0 0 1 1 1 0 0 1 0 0 0 0 0 0 0 0 0 0 0 0 0 0 0 0 0 0 1 0 1 1 0 0 0 0 0 0 0 1 0 0 0 0 1 0 1 0 0 1 0 1 0 1 0 0 1 0 0 0 1 0 0 0 1 0 0 0 0 0 0 0 0
0 0 0 0 0 0 1 0 1 0 0 0 0 0 0 0 1 0 1 0 0 0 0 1 0 0 0 0 0 0 0 0 0 0 0 0 0 1 0 1 0 0 0 1 0 0 1 1 0 0 0 0 0 1 0 1 0 0 0 0 0 0 1 0 0 0 0 0 1 0 0 0 0 0 0 0 0 0 0 1 1 0 0 0 0 1 0 0 0 0 0 0 0 1 0 0 0 0 0 0
0 0 0 0 0 1 0 0 0 0 1 0 0 0 0 0 1 1 0 0 0 1 1 1 0 1 0 1 0 0 0 1 1 0 1 0 1 0 0 0 0 0 1 0 0 0 0 0 0 0 1 0 0 1 0 0 0 0 1 1 0 0 0 1 0 0 0 0 0 0 0 1 0 0 0 0 0 0 0 1 0 0 1 0 0 1 0 0 0 0 0 1 1 0 0 0 0 0 0 0
0 0 0 1 0 1 0 0 0 0 1 0 0 1 0 0 0 0 1 0 1 0 1 0 0 0 0 1 0 1 1 0 0 0 1 0 0 0 0 0 0 0 0 0 0 0 0 1 1 0 0 0 1 0 0 0 0 0 0 0 1 1 0 0 0 0 0 0 0 0 1 0 0 0 0 0 0 0 1 0 0 0 0 0 0 0 0 0 0 0 0 0 0 1 0 0 0 0 0 0
1 0 0 0 0 1 1 1 1 1 1 0 1 1 0 0 0 0 0 1 1 0 0 1 0 0 0 0 1 0 0 1 0 0 1 0 1 0 0 0 0 0 1 0 0 1 0 0 0 0 0 1 1 0 0 1 0 1 0 0 1 0 0 0 1 0 0 1 1 1 1 1 1 0 0 0 0 0 0 0 0 0 1 0 0 0 0 0 0 0 0 0 0 0 0 0 0 1 1 0
0 1 0 0 0 0 0 0 0 1 0 0 0 0 1 1 1 0 0 0 0 0 1 1 1 0 1 0 0 1 0 0 1 1 0 0 0 0 0 0 0 0 1 0 1 0 0 0 0 0 0 0 0 1 0 0 0 0 0 0 0 1 1 1 1 0 0 0 0 0 0 1 0 0 0 1 0 0 0 0 1 0 0 0 0 0 1 1 0 0 0 0 0 0 0 0 0 0 0 0
0 0 0 0 0 0 0 0 0 0 0 1 1 0 0 0 0 0 1 0 1 0 1 1 0 0 0 0 0 0 0 0 0 0 0 0 0 0 1 0 0 0 0 0 1 0 0 1 0 0 0 0 0 1 0 0 0 1 0 0 0 0 0 0 1 0 0 1 0 1 0 0 1 0 0 1 0 0 1 0 0 0 0 0 0 1 0 0 0 0 0 0 0 0 0 1 0 0 0 0
0 0 0 1 0 0 1 1 0 0 0 1 0 1 0 0 0 0 0 1 0 0 0 0 1 0 0 0 0 0 0 0 0 0 0 0 0 0 0 0 0 0 0 0 0 0 0 0 0 1 0 0 1 0 0 0 0 0 0 1 0 0 0 0 0 0 0 1 0 1 0 0 0 0 0 0 0 0 1 1 0 0 0 0 0 0 0 0 0 0 0 1 0 0 1 0 0 0 0 0
0 1 0 1 0 0 1 0 1 0 0 0 0 0 0 0 0 0 0 0 0 0 1 0 1 0 0 0 0 1 0 1 0 0 0 0 0 0 1 1 0 1 0 1 0 1 0 1 0 0 0 0 0 0 1 0 0 0 0 1 0 0 1 0 0 0 0 0 0 0 0 0 1 0 0 0 0 0 1 0 1 0 0 0 0 0 0 0 0 0 1 0 0 0 0 0 0 0 1 0
0 1 0 0 0 0 0 0 1 1 0 0 0 0 1 0 0 1 0 1 0 0 0 1 0 0 0 0 0 1 0 0 0 0 1 0 0 0 0 0 1 0 0 0 0 0 0 0 0 0 1 0 1 0 1 0 0 0 0 1 0 0 1 0 0 1 0 0 1 0 0 0 1 0 1 0 1 0 1 0 0 1 0 0 1 0 0 1 0 0 0 1 1 0 0 0 0 0 0 1
0 1 1 0 0 0 1 0 1 1 0 0 0 1 0 0 0 1 0 0 0 0 0 0 0 0 0 1 0 0 1 1 0 0 0 1 1 0 0 1 0 0 0 1 0 1 0 0 0 0 0 1 0 0 0 1 0 0 1 1 0 0 1 0 1 0 0 1 1 0 1 1 0 1 0 0 0 0 0 0 0 0 0 0 0 0 0 1 0 0 0 0 1 0 1 1 1 0 1 1
0 0 0 0 0 1 0 0 0 0 0 0 1 1 0 0 0 0 0 0 0 0 0 0 0 0 0 0 0 0 0 0 0 0 0 0 0 0 1 0 1 0 0 0 0 1 0 0 0 0 0 0 0 1 0 1 0 1 0 0 0 0 0 0 0 0 0 1 1 1 1 0 1 0 1 0 0 0 0 0 0 0 1 0 1 0 0 0 1 0 1 1 1 1 0 1 0 0 0 0
0 0 0 1 0 0 0 0 1 0 0 0 0 0 1 0 0 0 0 0 1 1 0 1 0 0 1 0 0 1 1 0 1 0 1 0 0 0 0 0 0 0 0 0 0 1 0 1 0 0 0 0 0 0 0 1 1 0 0 0 0 0 1 0 0 0 1 1 0 0 0 0 0 0 1 1 0 1 0 0 1 1 0 0 1 0 1 0 1 0 0 0 0 0 0 0 0 1 0 0
0 0 0 0 1 1 0 0 0 1 0 1 1 0 0 0 0 0 1 0 0 0 0 0 0 0 1 0 0 0 0 0 0 0 0 1 1 0 0 0 0 0 0 0 0 0 1 1 0 0 1 0 0 0 0 0 0 0 0 0 0 0 0 1 1 0 1 1 0 1 0 0 0 0 0 0 0 0 1 0 0 0 0 0 0 0 1 0 0 0 0 0 0 1 0 0 1 0 1 1
0 0 0 0 0 0 0 0 0 0 0 0 0 1 0 0 1 0 1 0 1 0 1 0 0 0 0 1 1 1 0 0 0 0 0 0 0 0 1 0 0 1 1 1 1 0 1 1 0 0 0 0 1 1 1 0 1 1 0 0 0 0 0 0 0 0 0 0 0 1 1 0 0 1 0 0 0 1 0 1 0 0 0 0 0 0 0 0 0 0 0 0 0 1 0 1 0 0 1 0
0 0 1 0 0 0 0 0 0 0 0 0 0 0 0 0 1 0 0 0 0 0 0 1 1 1 0 0 0 1 0 0 0 1 0 1 0 1 1 0 1 0 1 0 0 0 0 0 0 1 0 0 0 0 1 1 0 1 1 0 0 0 0 1 0 0 0 0 0 0 0 0 1 0 1 0 0 0 0 0 0 0 0 0 1 0 0 0 1 0 0 0 1 1 1 0 0 1 1 0
1 1 1 0 0 0 1 0 0 0 0 0 0 0 0 1 0 1 1 0 1 0 0 0 0 0 1 0 0 0 1 1 1 1 0 0 0 0 0 0 0 0 0 0 0 0 0 0 1 1 0 0 0 0 0 0 0 1 0 0 0 0 0 1 0 1 0 0 0 1 0 0 0 1 0 0 0 1 0 0 0 0 0 0 0 0 1 1 0 0 0 0 0 1 0 1 0 0 0 0
0 0 0 0 1 0 0 0 0 1 1 0 1 0 0 0 0 0 0 0 1 0 0 1 0 0 0 0 0 0 0 0 0 1 0 0 0 0 0 0 1 0 0 1 0 1 0 1 0 0 0 0 0 0 0 1 0 0 0 0 0 0 1 0 1 0 0 1 1 1 1 0 0 1 0 1 1 0 0 0 0 0 0 0 0 1 1 0 0 0 1 1 0 0 0 0 0 0 1 0
0 1 0 0 0 0 0 0 1 0 0 0 0 0 0 1 0 1 0 0 0 0 0 0 1 0 0 0 0 0 0 0 0 0 0 0 0 0 0 0 0 0 0 1 1 0 0 0 0 0 1 0 0 1 0 0 0 1 0 0 1 0 1 1 0 0 0 0 0 1 1 0 0 1 0 1 0 0 0 1 1 0 0 1 0 0 0 1 0 0 0 0 0 0 0 0 0 0 0 0
0 0 0 0 0 0 0 1 0 0 1 0 0 0 0 0 0 0 0 1 0 0 0 1 0 1 0 0 0 0 0 0 1 1 0 1 0 0 0 0 0 1 0 0 0 0 1 0 0 0 0 1 1 0 0 0 0 0 0 1 0 1 0 0 0 0 0 0 0 0 0 0 1 0 0 1 0 0 1 0 0 0 0 0 0 1 1 0 0 1 0 0 0 0 1 0 0 0 0 0
0 0 0 0 0 1 0 0 0 0 1 0 0 1 0 0 0 0 0 0 0 0 0 1 0 0 0 0 1 0 0 0 0 0 0 0 0 1 0 1 0 0 0 0 0 0 0 1 0 0 0 0 0 0 0 0 0 1 0 1 0 0 0 1 0 0 0 0 1 1 1 0 1 0 1 0 0 0 1 0 0 1 0 0 0 0 0 0 1 0 1 1 0 0 0 0 0 0 0 0
0 0 0 0 1 1 0 0 0 0 0 0 0 0 0 1 1 0 0 0 0 0 0 1 1 0 1 0 0 0 0 0 0 0 1 0 0 0 0 0 1 0 1 1 0 0 0 0 0 0 0 0 1 0 1 1 0 1 0 0 0 1 0 0 0 0 0 0 0 0 0 0 0 0 0 0 0 0 1 0 1 1 0 0 0 1 1 0 0 0 0 0 0 0 0 0 0 0 0 1
0 1 0 0 1 0 1 0 0 0 0 0 0 0 0 1 0 0 0 1 0 0 0 1 0 0 0 0 0 0 1 0 0 1 0 0 0 0 0 0 0 0 0 0 0 1 0 1 0 0 0 0 1 1 0 0 0 0 0 0 0 0 0 0 0 1 0 0 0 1 1 0 1 1 0 0 0 0 0 0 0 0 0 1 0 0 0 0 0 0 0 0 0 0 0 0 1 0 0 0
1 1 0 0 0 0 1 0 1 0 0 0 0 0 0 1 0 0 1 0 1 0 1 1 1 0 0 1 0 0 0 1 0 1 0 0 0 0 1 0 1 0 0 0 0 0 1 1 0 0 0 0 1 0 1 0 0 0 0 0 0 0 0 0 0 0 0 0 0 0 0 1 0 0 0 0 0 1 0 0 0 0 0 0 1 0 1 0 0 0 0 0 1 0 0 0 1 0 0 0
0 0 0 0 0 0 0 0 0 1 0 0 0 0 1 1 0 0 0 0 0 0 0 0 1 0 1 1 1 0 0 0 0 0 0 0 0 1 0 0 0 1 0 0 0 0 0 0 0 0 0 1 0 1 0 0 0 0 0 1 1 0 0 0 1 0 0 0 0 0 0 0 0 0 1 1 0 1 0 0 0 0 1 1 0 0 0 0 1 0 1 0 0 1 0 0 0 0 0 0
0 1 0 0 0 1 0 0 0 0 0 1 0 0 0 0 1 1 1 0 0 0 0 0 0 0 0 0 0 0 0 0 0 0 0 0 0 0 1 0 1 0 0 0 0 1 0 1 1 1 0 0 0 0 0 0 1 0 0 0 1 0 0 0 0 0 0 0 0 1 0 0 0 1 0 1 1 1 1 0 0 0 0 0 1 0 0 0 0 0 0 0 1 0 0 0 1 0 0 0
1 1 0 1 0 0 0 0 0 1 1 0 0 0 0 0 0 0 0 0 0 1 1 0 0 0 1 0 0 0 0 0 1 0 0 0 1 0 0 1 1 0 1 1 1 0 1 0 1 0 0 1 1 0 0 0 0 0 1 0 0 0 0 1 1 0 0 0 1 0 1 0 0 0 0 0 0 0 0 1 1 0 0 0 1 1 1 0 0 0 0 1 0 1 0 0 0 0 0 1
1 1 0 0 0 1 0 0 0 0 0 0 0 0 0 0 1 1 1 0 0 0 0 0 1 0 0 0 0 0 1 0 0 1 0 0 0 0 1 0 0 0 1 0 0 0 0 0 0 0 1 0 0 0 0 0 1 1 0 0 1 1 1 1 0 0 1 0 0 0 0 1 0 0 0 1 0 1 0 1 0 0 0 0 0 0 0 1 0 0 0 0 0 0 0 0 0 1 1 0
0 0 0 0 0 0 1 0 1 0 1 0 1 0 0 0 0 1 0 0 1 0 0 0 0 0 0 0 0 0 0 1 0 0 0 1 0 0 0 0 1 0 0 0 0 0 1 0 0 0 0 0 0 0 0 1 0 0 1 0 1 0 1 1 0 0 0 0 0 1 1 1 1 0 1 1 0 1 0 0 1 0 0 0 1 0 0 0 0 1 0 0 0 1 0 0 0 0 0 0
0 0 0 1 0 0 0 0 1 0 1 1 1 1 0 1 1 0 0 0 0 0 1 0 0 0 0 1 0 0 0 0 1 0 0 0 0 0 0 0 1 0 1 0 0 1 1 0 1 1 0 0 1 0 1 1 0 1 0 1 0 0 1 0 0 0 0 0 0 0 0 0 1 0 0 1 0 0 0 0 0 0 0 0 1 0 0 0 0 0 0 0 0 0 0 0 1 0 0 0
0 0 0 0 0 0 0 0 0 0 0 1 0 1 0 0 0 0 0 1 0 0 1 0 1 0 1 0 0 1 1 0 0 0 1 0 0 1 0 0 0 0 0 0 0 0 0 0 0 0 0 0 0 0 0 0 0 0 1 0 0 1 0 0 1 1 0 1 1 0 1 0 0 0 0 0 0 0 0 0 1 0 0 0 1 0 0 0 0 0 0 0 0 0 0 1 0 1 0 0
0 0 0 0 0 0 0 0 0 0 0 0 0 0 1 0 0 0 1 0 0 1 0 1 0 0 0 1 0 0 0 0 0 0 0 0 0 1 0 0 0 0 0 0 0 1 0 0 1 1 0 0 0 1 0 1 0 0 0 1 1 1 1 0 1 0 0 1 0 0 0 1 0 0 0 0 0 0 0 1 0 1 0 0 0 0 1 1 1 0 0 0 1 0 0 0 1 0 0 0
0 1 0 0 0 1 0 0 1 0 0 1 1 0 1 0 0 1 0 0 1 0 1 1 0 0 0 1 1 0 0 1 1 0 0 0 0 0 0 0 0 1 1 0 0 0 1 1 0 0 1 0 1 1 0 0 1 0 0 0 0 0 0 0 0 1 1 0 0 1 0 0 0 0 1 1 0 0 0 0 0 1 0 0 0 0 0 1 0 0 0 1 0 1 0 0 0 0 0 1
0 0 0 0 0 0 1 1 0 0 0 0 0 0 1 0 0 0 1 0 0 0 1 0 1 1 0 0 0 1 0 0 0 0 0 0 0 0 0 0 0 0 0 0 0 1 0 0 0 0 1 0 1 1 0 1 0 1 0 0 0 0 0 0 0 0 0 0 0 0 0 0 1 0 0 1 0 0 1 0 1 1 0 0 0 0 1 0 0 0 0 0 0 0 1 0 1 0 0 0
0 0 0 0 0 0 0 1 0 0 0 0 0 0 0 0 1 0 0 0 1 0 0 0 0 0 0 0 0 0 0 1 0 0 0 1 0 0 0 0 1 0 1 0 0 0 1 0 0 0 0 1 1 0 0 0 0 0 0 0 0 1 0 0 0 0 1 0 0 0 0 1 0 1 0 0 0 0 0 0 0 0 1 0 1 0 1 0 0 1 0 0 0 0 0 0 1 0 1 0
1 0 0 0 0 1 0 0 0 0 0 1 0 1 0 0 0 1 0 0 0 1 0 0 1 1 0 0 0 0 1 0 0 0 0 1 0 0 0 0 1 1 0 0 0 0 0 1 0 0 1 1 1 0 1 1 0 0 0 0 1 0 0 1 0 0 0 1 1 0 0 0 0 1 0 1 1 1 0 1 1 0 0 0 0 0 1 1 1 0 0 0 0 0 0 0 1 1 0 0
0 0 0 0 0 0 0 1 1 0 1 0 0 0 0 1 0 0 1 1 0 0 0 1 0 0 1 0 0 0 0 0 0 0 0 0 1 0 0 0 1 1 0 0 0 1 0 1 0 1 0 0 0 0 0 0 0 0 0 0 0 0 1 0 0 0 0 0 0 0 0 0 0 0 0 0 0 0 0 0 0 1 0 1 0 0 1 1 1 0 1 1 0 0 0 0 1 1 0 0
0 0 0 0 0 1 1 0 1 1 0 0 0 0 0 0 0 1 0 0 0 0 1 0 1 0 0 0 1 0 1 1 0 0 1 0 0 0 0 0 0 0 0 0 0 0 0 1 1 0 0 0 0 0 0 0 0 1 0 0 0 1 0 1 0 1 0 0 0 0 0 0 0 0 0 0 0 0 0 1 0 1 0 0 0 0 0 0 0 0 0 0 1 1 1 0 0 0 0 0
0 0 0 0 0 0 1 1 0 1 0 0 0 0 1 0 0 1 0 0 0 1 0 0 0 0 0 1 0 0 1 0 0 1 0 0 0 0 0 0 1 0 0 0 1 0 0 0 0 0 0 0 0 0 0 0 0 0 0 0 0 0 0 0 0 0 0 1 0 0 0 1 1 0 0 0 0 0 0 1 1 0 0 0 1 0 0 0 0 0 0 0 0 1 0 0 0 0 0 0
0 1 1 0 0 1 0 0 0 0 0 0 0 0 0 0 1 1 1 0 0 1 0 0 0 0 0 0 1 0 0 0 0 0 0 0 0 0 1 1 0 0 1 0 0 0 0 0 1 0 0 0 0 0 1 0 0 0 0 0 1 0 0 0 0 0 0 0 0 0 1 0 0 1 0 1 0 0 0 0 0 1 0 0 1 0 1 0 0 0 0 0 0 0 1 0 0 0 0 0
0 0 0 1 0 0 0 0 0 1 1 0 0 0 0 1 1 0 0 0 0 0 0 0 0 1 1 1 0 0 0 0 0 1 1 1 0 1 0 0 0 0 1 0 0 0 0 1 0 0 1 1 0 1 0 0 0 1 0 1 0 1 0 1 0 0 0 0 1 0 1 0 0 0 1 0 0 0 0 0 0 0 1 0 0 1 0 0 0 0 0 0 0 0 0 0 0 0 0 0
0 0 0 1 0 1 0 0 1 0 1 0 0 0 0 1 1 0 0 0 0 0 0 1 0 0 1 1 0 1 0 1 0 0 0 0 0 0 0 0 0 0 0 0 1 0 0 0 0 0 1 1 0 1 0 0 0 0 0 0 1 0 0 0 1 0 0 0 0 0 0 0 0 1 0 0 0 0 0 0 1 0 1 1 0 0 0 1 0 0 0 0 1 0 0 0 0 0 1 1
1 0 0 0 0 1 1 0 1 1 0 0 0 0 0 1 0 0 1 1 0 0 1 0 0 0 1 0 0 1 0 0 0 1 1 1 0 0 0 0 0 0 0 1 1 0 1 0 1 1 0 0 0 0 0 0 0 0 0 0 0 0 0 0 0 0 0 0 0 0 0 0 1 1 0 0 0 1 0 0 0 1 0 0 0 0 0 0 0 0 0 0 0 1 0 0 1 0 1 1
1 0 0 1 0 0 0 0 0 0 1 1 0 1 0 0 0 1 0 0 0 1 0 1 0 0 1 0 0 0 0 0 0 0 0 0 1 0 0 0 1 0 0 0 1 0 1 0 0 1 0 0 0 0 0 1 0 0 0 1 0 0 0 0 0 0 0 1 1 0 1 0 0 0 0 0 0 0 0 0 0 1 1 0 0 0 1 1 0 0 0 1 1 0 1 0 0 0 0 0
1 0 0 0 0 1 0 0 0 0 1 0 0 0 0 1 0 0 0 0 1 0 0 0 1 1 0 0 1 0 0 1 1 0 1 1 1 0 0 0 0 0 0 0 0 0 1 0 0 0 0 0 0 0 1 1 0 1 1 0 1 0 1 0 0 0 0 1 0 0 0 0 0 0 0 0 0 0 0 0 0 0 0 0 1 1 1 1 0 1 1 1 0 0 0 0 0 0 0 0
0 0 0 1 0 0 0 0 0 0 0 0 1 0 1 1 0 0 0 0 1 0 0 0 0 0 0 0 0 0 0 0 0 0 0 0 0 0 0 0 0 0 0 1 0 0 0 1 0 1 1 0 0 1 0 0 0 0 1 0 0 0 0 1 0 1 0 1 0 0 0 0 0 0 1 0 0 0 0 0 0 0 1 0 1 0 0 0 1 0 1 1 0 1 0 0 1 1 0 0
0 0 0 1 0 0 0 1 0 0 1 0 1 0 0 0 0 1 0 0 0 1 0 0 0 0 0 0 0 0 0 1 0 0 0 1 0 0 0 0 0 0 0 0 0 0 0 1 0 1 0 0 0 0 1 0 0 1 0 0 0 0 1 0 0 0 0 0 1 1 0 1 0 0 1 1 0 0 0 0 0 0 0 0 0 0 0 0 0 0 0 0 0 0 1 1 0 0 1 0
0 0 0 0 0 0 0 0 0 0 1 0 0 0 0 0 0 0 0 1 0 0 0 0 1 0 1 0 1 0 0 1 0 1 0 0 1 0 0 0 0 1 1 1 1 0 0 0 0 0 0 0 0 1 0 0 0 0 0 0 0 1 0 1 0 0 1 0 0 1 0 1 0 0 0 0 0 0 1 0 0 1 0 0 0 0 0 0 1 1 0 1 0 0 0 0 1 0 0 1
0 0 0 0 0 1 1 0 1 1 1 0 1 0 1 0 0 0 0 0 0 0 0 0 1 1 1 0 0 0 0 1 1 0 1 0 0 0 1 0 0 0 1 0 0 0 0 0 0 1 0 0 0 0 0 1 0 0 1 0 0 0 0 0 0 1 1 0 0 0 0 1 1 1 0 1 0 0 0 0 0 1 0 0 0 0 0 0 0 0 0 0 1 0 0 1 0 0 1 0
1 0 0 0 0 0 0 0 0 0 1 0 1 0 0 0 0 1 0 0 0 0 1 0 1 1 0 1 0 0 0 0 0 0 0 0 0 1 0 1 0 1 0 1 1 0 0 0 0 0 0 0 0 0 0 1 0 1 0 0 1 1 0 0 0 0 0 0 0 0 0 0 1 1 0 0 0 0 0 0 0 0 0 0 0 1 0 0 0 0 0 0 0 1 0 0 0 1 1 0
0 0 1 0 0 1 1 0 0 0 0 1 0 0 1 1 1 0 1 0 0 0 1 0 0 0 0 0 0 0 0 0 1 0 0 0 0 0 1 1 1 0 0 0 1 0 0 0 0 0 0 0 1 0 1 0 1 0 1 0 1 1 1 0 0 0 1 0 0 0 0 0 0 0 0 0 1 1 0 0 0 0 0 1 1 0 1 1 0 0 0 0 0 0 0 1 1 0 0 0
0 0 0 0 0 0 0 1 0 1 0 0 1 1 0 0 0 0 0 0 1 0 0 0 1 0 0 1 0 0 0 1 0 0 0 1 1 0 1 1 1 0 0 0 0 1 1 0 1 0 0 1 1 0 0 1 0 0 0 0 0 0 1 0 0 0 0 1 0 0 1 0 1 0 0 0 0 0 0 1 1 0 1 0 0 1 0 0 1 0 0 1 0 1 0 1 0 1 0 1
1 0 1 0 0 0 1 0 0 1 1 0 0 0 1 0 0 0 0 0 1 0 0 0 0 1 1 0 0 1 0 0 0 0 0 0 0 0 1 0 0 0 1 0 0 0 0 0 0 1 1 1 1 1 1 0 0 0 1 0 0 0 0 1 0 0 0 0 0 0 0 0 0 0 1 0 0 0 0 0 0 0 0 0 0 0 0 1 0 0 0 0 1 0 0 0 0 0 1 1
0 1 0 0 0 0 1 0 1 0 0 0 0 1 1 0 0 1 1 1 0 1 0 0 1 0 0 0 0 1 0 1 1 0 0 0 1 0 0 0 0 1 0 0 0 0 0 0 0 0 0 0 0 0 0 0 0 0 0 1 0 0 0 0 0 0 1 0 0 0 0 1 1 1 1 1 0 1 0 0 0 0 0 0 0 0 0 1 1 0 0 0 0 1 1 1 0 0 1 0
0 0 0 0 0 1 0 0 0 0 0 0 0 0 0 0 1 0 0 1 0 0 0 0 0 0 1 0 0 1 0 0 0 0 0 0 1 0 0 0 1 0 0 1 0 0 0 0 0 0 0 1 0 0 1 0 0 0 1 1 0 1 0 0 0 0 0 0 0 0 0 1 1 0 0 0 0 0 0 0 1 0 0 0 0 0 0 0 0 0 0 0 0 0 0 1 0 0 0 0
1 1 0 1 0 0 1 0 0 1 1 1 0 0 0 0 0 0 0 0 0 1 0 1 0 0 0 0 1 0 0 1 0 0 0 1 0 1 0 0 0 0 1 0 0 0 1 1 0 0 0 0 0 0 1 0 0 0 1 0 0 1 0 0 1 0 0 0 0 1 0 0 0 1 1 1 0 0 1 0 0 0 0 0 0 0 0 0 0 1 0 1 1 0 0 1 0 0 0 0
1 1 0 0 0 0 0 0 0 0 0 0 0 0 0 0 0 0 0 0 0 0 0 0 0 1 0 0 1 0 0 1 0 0 0 0 0 0 0 0 0 0 0 0 0 1 0 0 0 0 0 0 0 0 0 0 0 0 0 1 0 0 1 0 0 1 0 0 0 0 1 0 0 0 0 0 0 0 0 0 0 0 0 0 0 0 0 0 0 0 0 0 1 1 0 0 0 1 1 1
1 0 0 1 0 0 0 0 0 0 1 0 0 0 0 0 0 0 0 0 0 1 0 0 0 0 1 1 0 0 0 0 0 0 0 0 0 0 0 0 0 0 0 0 0 1 0 1 1 0 1 0 0 1 1 0 1 1 0 1 0 0 0 0 0 1 0 0 0 0 1 0 1 0 0 0 1 0 1 0 1 0 0 0 1 0 0 0 0 0 1 1 1 0 1 0 0 0 1 0
0 0 0 0 1 1 0 1 0 1 0 0 0 1 0 0 0 0 1 1 1 0 0 0 0 0 0 0 1 1 0 0 0 0 1 0 0 1 0 1 0 1 1 1 0 0 1 0 0 0 0 1 0 0 1 0 0 0 0 0 0 0 0 1 0 1 0 0 0 0 0 0 0 0 1 0 0 0 0 0 0 0 0 1 1 0 0 1 0 0 1 0 1 0 0 1 0 0 0 0
1 0 1 0 0 0 0 0 0 0 1 1 0 0 0 0 0 0 0 0 0 0 0 0 0 0 1 0 1 0 1 0 1 0 0 0 0 0 0 1 0 1 0 0 0 0 1 0 1 1 0 0 0 0 1 0 0 0 0 1 1 0 0 0 0 1 0 0 0 1 0 0 1 1 1 1 0 0 0 1 0 1 0 1 0 0 0 0 0 0 0 0 1 0 0 0 0 1 1 0
1 0 1 0 1 0 0 0 0 0 0 0 1 0 0 0 1 0 0 1 0 1 0 0 0 0 1 0 0 1 0 1 0 0 0 0 1 0 0 1 0 1 0 0 0 0 0 1 0 0 0 0 1 0 1 1 0 1 0 0 0 0 0 0 0 0 1 0 0 0 1 0 0 1 0 0 1 0 0 0 0 0 0 0 0 1 0 1 1 0 0 0 0 0 0 0 0 1 0 0
0 1 0 1 1 1 0 0 0 0 0 0 1 0 1 1 0 0 1 1 0 0 0 0 0 0 0 0 1 0 1 0 1 0 0 0 0 0 0 0 1 0 0 0 0 0 0 0 1 0 0 0 0 1 0 0 0 0 0 1 0 0 0 0 0 0 0 0 0 0 0 0 0 1 0 0 0 1 0 0 0 0 1 0 0 0 0 0 0 1 0 0 0 0 1 1 1 0 1 0
0 1 0 1 0 0 1 0 0 0 0 1 0 0 0 0 0 0 0 0 0 1 0 0 0 0 0 0 1 0 0 0 0 0 1 0 0 0 0 0 1 0 0 1 0 0 1 0 0 0 0 0 0 1 1 0 1 0 1 0 0 0 0 0 0 0 0 0 1 0 1 0 0 0 0 1 0 1 0 1 0 1 0 0 1 0 0 0 1 0 0 0 0 0 0 1 1 1 0 0
0 0 1 0 0 0 0 0 0 0 1 1 1 0 1 0 1 0 0 1 0 1 0 0 0 1 0 1 0 0 0 1 0 0 1 0 1 0 1 1 0 1 0 1 0 0 1 0 0 0 1 0 1 0 0 0 0 0 1 0 1 1 1 0 0 1 0 0 0 1 0 0 1 0 1 0 1 0 0 0 1 0 1 0 0 0 0 0 0 0 0 0 0 0 1 0 1 1 0 0
1 0 0 0 0 0 0 0 1 0 0 1 0 0 0 0 0 0 0 1 0 0 0 1 0 0 0 1 0 1 1 0 1 0 0 0 0 0 1 0 0 0 0 1 0 0 1 0 0 0 0 0 1 1 0 0 0 0 1 0 0 0 0 0 0 0 0 0 1 0 0 0 1 0 0 1 0 0 0 0 0 0 0 0 0 1 0 0 0 0 0 1 0 0 1 0 0 1 0 1
0 0 1 0 0 0 0 1 0 0 0 1 0 0 0 0 0 0 0 0 0 0 0 1 1 1 1 0 1 1 1 0 0 1 0 0 1 1 1 0 0 0 0 0 1 0 1 0 0 0 0 0 1 0 0 1 0 0 0 0 0 0 0 0 0 0 1 0 0 0 0 1 0 0 0 0 0 0 0 1 1 0 1 0 0 0 0 0 0 0 0 0 0 0 1 0 0 1 0 0
0 0 1 0 1 0 1 1 1 0 1 0 0 1 0 0 0 0 0 0 0 0 0 0 0 0 0 1 0 0 1 1 0 0 0 1 0 0 0 0 0 1 0 0 0 0 1 0 0 0 0 0 0 0 1 0 0 1 0 0 0 0 0 0 0 1 0 1 0 1 0 0 0 0 0 0 1 0 1 0 0 0 1 0 0 0 0 0 0 0 1 0 0 0 0 0 0 1 1 1
0 0 1 0 1 1 0 0 0 0 0 0 1 0 0 0 0 1 0 0 1 0 0 0 1 0 1 1 0 0 0 1 0 0 0 1 0 0 0 1 0 0 0 0 0 0 0 0 0 0 0 1 1 0 0 0 0 0 1 0 0 0 0 0 0 0 0 0 0 0 0 0 0 0 0 0 0 0 1 0 0 1 0 0 0 0 0 0 1 1 0 0 0 0 1 0 1 0 1 0
0 0 1 1 0 0 0 0 0 1 1 0 0 0 0 1 1 1 0 0 0 0 0 1 1 0 0 1 0 1 1 0 1 0 0 0 0 1 0 0 1 0 1 0 0 0 0 0 1 1 0 0 0 1 0 0 0 1 0 0 0 1 0 0 0 0 1 0 0 0 1 0 1 0 0 0 1 0 0 0 1 0 0 1 0 0 1 1 1 0 0 0 1 0 0 0 1 1 1 0
0 0 0 0 0 0 0 0 0 0 0 0 0 1 0 1 1 0 0 0 0 1 0 0 0 1 1 1 1 1 0 1 1 0 0 0 0 0 0 0 1 0 0 0 0 0 0 0 0 0 0 0 0 0 0 1 0 0 0 1 1 1 0 0 0 1 0 1 0 0 0 1 0 0 0 0 0 0 1 0 0 0 0 0 0 1 0 0 1 1 0 0 1 0 0 0 0 1 0 1
0 0 0 0 0 1 0 1 0 1 1 1 0 0 1 0 0 0 0 0 1 1 0 0 1 0 0 0 0 0 0 1 0 1 0 1 0 0 0 0 0 1 0 0 0 1 0 0 0 1 0 1 0 0 0 1 0 0 0 0 0 0 1 0 0 0 0 1 0 0 1 1 1 0 1 1 0 0 0 1 0 0 1 0 0 0 0 0 0 0 0 0 0 0 0 0 1 0 0 0
0 1 0 0 0 0 0 1 0 1 0 1 0 0 1 1 1 0 0 0 0 0 0 1 1 1 0 0 0 0 0 0 1 0 1 0 0 0 0 0 0 0 1 0 0 0 0 0 0 0 0 1 0 0 0 0 1 0 1 0 0 0 0 0 0 0 0 0 0 0 1 0 0 0 0 0 0 0 0 0 0 0 0 0 0 0 0 0 0 0 1 0 1 1 1 0 1 1 0 0
0 0 0 0 1 0 0 0 1 0 0 0 0 1 0 0 0 0 0 1 0 0 0 0 1 0 0 0 0 0 0 0 0 1 0 0 0 0 0 0 0 1 0 0 0 1 1 0 0 0 1 1 1 0 0 0 0 1 0 1 0 0 0 0 0 0 0 1 0 0 0 0 0 1 0 0 0 1 0 0 0 0 0 1 0 0 1 0 0 0 1 0 0 0 0 0 1 1 1 0
0 1 0 0 0 0 1 1 0 0 0 0 0 0 0 0 0 0 0 1 0 0 0 0 0 0 0 0 0 0 0 1 0 0 0 0 0 0 0 0 0 0 0 0 0 0 0 0 0 1 0 0 0 0 1 0 0 0 0 0 0 1 0 1 1 1 0 0 0 1 1 1 0 0 0 0 0 1 0 0 0 0 0 1 0 0 0 1 1 0 1 1 1 0 1 0 0 0 0 0
0 0 0 0 1 0 0 0 0 1 0 0 0 0 0 0 0 0 0 0 0 1 0 0 0 0 0 0 1 0 0 0 0 0 0 0 0 0 0 0 0 1 0 0 0 0 0 1 0 0 0 0 1 1 0 1 1 1 0 1 0 0 0 0 0 1 1 0 0 0 0 0 1 0 0 0 0 1 1 0 1 1 0 1 0 0 1 1 0 0 0 0 1 0 0 1 0 0 0 0
1 0 1 1 0 1 0 0 0 1 0 1 0 0 0 0 0 0 0 0 1 0 0 0 1 0 0 1 1 0 0 1 0 0 0 1 0 0 0 1 1 0 0 0 0 1 0 0 0 1 0 0 0 0 0 0 1 1 0 0 0 0 1 1 1 0 0 0 0 1 0 0 0 0 1 0 0 0 0 0 0 0 0 0 0 0 0 0 0 0 0 0 0 0 0 0 0 0 0 0
1 0 0 0 1 0 0 1 1 1 0 0 0 0 0 0 1 1 1 0 0 1 0 0 1 1 0 1 0 0 0 1 0 0 0 0 0 1 1 0 0 0 0 0 1 0 0 1 0 1 0 1 0 0 0 0 0 0 0 1 0 0 0 1 0 0 0 0 0 0 0 1 0 1 1 1 0 0 1 0 1 0 0 1 0 0 0 0 0 0 0 0 0 1 1 0 1 1 0 1
0 0 0 1 0 1 0 0 1 0 1 1 1 0 0 1 0 0 0 1 1 0 0 0 1 0 0 0 0 0 0 0 0 0 0 0 0 0 0 0 1 1 0 0 0 1 0 0 0 0 0 0 1 1 0 0 0 0 0 0 1 0 0 0 0 0 0 0 1 1 0 0 0 0 0 0 0 0 0 0 0 0 0 0 1 0 0 1 0 0 1 0 0 1 0 0 1 0 0 0
0 1 0 0 0 1 1 0 0 0 0 0 0 1 0 0 0 0 0 0 0 0 1 1 0 0 0 1 1 0 0 1 0 0 0 1 0 0 0 0 0 0 0 1 0 0 0 0 0 0 1 0 0 1 0 0 0 1 0 1 1 1 0 0 0 0 0 0 1 0 0 0 0 0 0 1 0 1 0 0 0 0 0 0 0 1 0 0 0 0 0 0 0 0 0 0 0 0 1 0
1 0 0 1 0 0 0 0 0 0 0 0 1 1 0 1 0 0 0 0 0 0 0 1 0 0 0 0 0 0 0 0 0 0 0 0 0 0 1 1 0 0 0 0 0 0 0 0 1 1 0 1 1 0 1 0 1 0 0 0 1 0 0 1 1 0 1 1 0 0 1 0 0 0 1 0 0 0 0 0 0 0 0 1 0 0 1 0 1 1 1 0 1 1 1 0 1 0 0 0
1 0 0 0 1 0 0 0 0 0 1 0 1 0 0 0 0 1 1 1 0 1 1 0 0 0 1 0 0 1 1 0 1 0 0 0 0 0 0 0 0 0 0 1 0 0 1 0 0 1 0 0 0 0 0 0 0 0 0 0 0 0 0 0 0 0 0 0 0 1 0 0 1 0 0 0 1 0 0 0 0 0 0 1 0 0 0 0 0 1 0 0 0 0 0 0 1 0 0 1
0 0 1 0 0 1 0 0 0 0 0 1 0 0 1 0 0 0 1 0 0 1 0 1 1 1 0 0 0 0 0 0 1 1 0 0 1 0 0 0 0 0 0 0 0 1 0 1 1 1 1 0 0 1 0 1 1 0 1 0 1 0 0 0 0 0 0 0 0 0 0 1 0 0 1 0 0 0 0 0 0 0 0 0 1 0 1 0 0 0 0 0 0 0 0 0 1 0 1 0
1 0 1 0 0 0 0 0 0 0 1 1 0 0 0 0 0 0 1 0 1 1 0 0 0 1 0 0 0 0 1 0 0 0 1 0 1 1 1 0 0 0 1 0 0 0 0 1 0 1 0 0 1 0 0 1 0 0 1 0 0 0 1 0 0 0 0 0 0 1 0 0 0 0 1 0 0 0 0 1 1 0 0 1 0 0 0 0 0 0 1 0 0 0 0 1 0 0 0 0
0 1 0 1 0 0 0 0 0 0 0 1 1 0 1 0 0 0 0 0 0 0 0 0 0 1 0 0 0 0 0 0 0 0 0 0 1 0 0 0 0 1 0 0 0 1 1 0 0 0 0 0 1 0 0 0 1 0 1 0 0 0 0 0 1 0 0 0 0 0 1 0 0 0 0 0 1 0 1 0 1 0 0 1 0 0 1 0 0 1 0 0 0 0 0 0 0 0 1 1
0 0 0 1 0 0 0 1 0 0 1 0 0 0 0 0 0 0 0 0 0 0 0 0 1 0 0 0 0 0 0 0 0 0 0 0 0 0 0 0 0 0 0 0 0 0 0 1 0 0 0 0 1 0 1 0 0 0 0 0 1 0 0 0 0 0 0 0 0 0 0 0 1 0 1 0 0 1 0 0 0 0 0 1 0 0 1 1 0 0 0 0 0 0 1 0 0 0 0 1
0 1 1 0 0 0 0 0 1 0 0 1 0 0 0 0 0 0 1 0 0 0 0 0 0 0 0 1 0 0 0 1 0 1 1 0 1 0 0 0 0 0 0 0 0 0 0 0 0 0 0 0 0 0 0 0 0 0 0 0 0 0 0 1 0 0 1 0 1 0 0 0 0 1 0 0 1 1 1 1 0 1 0 0 1 1 0 1 0 0 1 0 0 0 0 0 0 0 0 0
0 0 0 0 0 0 1 0 0 0 0 0 0 0 1 0 1 0 0 0 0 0 1 0 0 0 0 0 0 0 0 0 0 0 0 1 1 0 1 1 0 0 0 0 0 1 0 0 0 0 0 1 0 0 0 0 0 0 1 0 0 1 0 0 0 0 0 0 0 0 1 1 0 0 0 0 1 0 0 0 0 1 0 0 0 0 0 0 1 0 1 0 0 0 0 0 1 0 0 0
0 0 0 0 0 1 0 0 0 0 1 0 0 1 0 0 0 1 1 1 0 0 0 0 0 0 1 1 1 0 0 1 0 0 0 1 1 0 0 0 0 0 1 1 1 0 0 0 1 0 0 1 0 0 0 0 0 0 0 0 1 0 0 0 1 1 1 1 0 0 0 1 1 0 1 0 0 0 1 0 1 0 0 0 0 0 0 0 1 0 0 1 0 0 0 1 0 0 1 0
1 0 0 0 0 0 0 0 1 1 0 0 1 0 0 0 1 0 1 0 0 0 0 0 0 0 1 1 0 1 0 0 0 0 0 0 0 1 0 0 0 0 0 1 0 0 0 1 1 0 1 0 1 1 1 0 0 0 0 1 0 0 0 0 0 1 1 0 0 0 1 0 0 0 0 0 0 0 0 0 0 0 0 0 0 0 0 0 0 0 1 0 1 0 0 0 1 1 0 0
0 1 0 0 0 0 0 1 0 1 0 0 1 0 0 0 0 0 0 1 0 0 0 0 0 0 0 1 0 0 0 0 0 0 0 0 0 0 0 0 0 0 0 0 1 1 1 0 1 0 0 1 1 1 0 0 0 0 1 0 1 1 1 0 0 0 1 1 0 1 1 0 1 1 0 0 0 1 0 1 0 0 0 0 0 0 0 0 0 0 0 1 1 0 0 0 0 0 0 0
0 0 0 0 0 1 0 0 0 1 1 0 1 1 0 0 0 0 0 0 0 0 0 0 0 1 1 0 1 0 1 0 0 1 0 0 0 0 0 0 0 0 0 0 1 1 0 0 1 1 0 1 0 1 0 0 0 1 0 0 0 0 0 1 0 0 0 0 0 0 0 0 0 0 1 0 0 0 1 0 1 1 0 0 0 0 0 0 0 1 0 0 1 1 0 0 0 1 0 0
0 0 0 0 1 1 0 1 0 0 0 1 0 0 0 0 0 1 0 0 0 0 0 0 0 0 0 0 0 0 0 0 0 0 0 0 0 0 1 1 0 0 0 1 1 0 0 0 0 1 0 0 0 0 0 0 0 1 0 0 0 0 0 0 1 0 0 0 1 0 0 0 0 1 0 0 0 0 0 0 0 0 0 0 0 0 1 0 0 0 0 0 0 0 0 0 0 0 0 0
100
0 100
47 99 32 18 43 60 3 22 82 81 29 92 31 50 81 62 64 67 44 33 48 75 27 25 53 92 30 89 45 53 70 54 62 94 44 21 28 5 75 42 27 56 3 84 36 78 21 52 51 20 11 35 84 96 39 48 63 86 47 8 61 25 29 80 49 96 39 52 21 91 32 47 23 26 31 72 55 38 54 48 19 98 75 71 78 38 82 92 43 84 6 11 95 51 25 80 87 54 96 66 78 24 82 68 63 73 23 58 76 47 65 69 48 68 31 33 33 17 25 78 45 93 60 65 64 37 19 41 78 86 27 78 23 99 24 47 92 85 39 61 25 54 95 73 82 86 94 96 35 34 7 89 61 19 87 98 89 29 48 28 89 68 41 46 82 76 94 8 67 27 96 13 6 91 94 67 37 0 69 52 54 61 19 10 57 63 54 35 91 61 4 98 19 28 95 26 27 28 53 75
0 100
22 30 69 13 0 26 67 44 2 19 47 62 38 30 73 70 26 79 81 90 99 1 83 28 90 82 79 58 71 45 19 89 44 54 45 5 9 31 47 27 79 23 70 49 51 33 13 21 98 51 65 97 13 23 59 53 49 31 16 45 50 68 36 82 28 29 46 47 96 90 74 82 74 35 71 5 44 39 96 93 68 3 45 69 47 6 25 70 79 42 46 26 32 90 76 97 9 1 53 17 50 3 36 11 23 68 33 96 24 66 76 85 12 3 65 8 72 25 21 4 94 97 2 53 98 92 33 94 29 44 45 13 59 59 64 9 94 12 70 82 1 20 20 1 89 32 79 51 74 1 93 4 5 2 38 49 97 6 74 10 71 91 64 47 89 97 1 14 18 70 47 79 3 42 32 50 1 76 97 60 89 53 73 36 79 5 60 41 93 0 39 95 16 28 56 39 2 28 84 1
0 100
82 79 86 98 79 55 35 60 13 63 54 86 34 23 67 62 84 76 63 15 44 19 68 92 27 88 77 34 8 67 56 85 81 24 27 79 7 87 13 9 86 64 51 76 42 45 71 44 1 62 36 19 61 96 71 58 83 19 6 99 64 46 36 81 69 11 26 15 0 14 15 59 48 43 46 99 93 44 8 42 53 21 57 4 1 1 32 36 90 86 47 34 54 15 34 98 55 33 35 49 35 69 70 7 35 13 81 48 58 86 32 48 38 63 26 80 12 51 93 56 99 76 87 10 33 47 47 73 33 59 76 3 43 0 48 31 63 77 46 39 46 64 19 42 4 48 89 99 78 66 79 54 89 95 30 7 38 11 86 22 88 54 21 55 24 22 53 8 97 89 88 58 82 65 59 33 79 84 5 70 56 94 50 92 41 26 73 17 77 1 97 29 17 80 44 87 31 2 34 9
1 100
64 63 57 63 77 34 27 28 74 82 70 64 97 29 96 53 53 53 11 73 15 69 73 50 50 40 35 50 86 98 51 78 87 66 24 29 65 8 15 29 19 89 53 17 5 49 82 10 59 39 48 67 53 98 76 8 70 59 72 62 68 51 2 90 38 90 55 23 65 65 24 35 13 74 21 52 49 54 51 75 14 89 46 37 99 49 19 12 48 39 68 0 87 68 84 47 48 69 59 33 16 68 10 56 52 12 80 41 5 50 37 57 49 15 52 68 13 61 4 75 48 11 63 1 25 41 55 9 62 94 78 33 59 65 49 83 96 66 71 18 12 88 97 4 0 63 47 89 54 37 31 8 36 73 21 63 27 93 9 2 29 50 48 98 94 45 66 95 13 51 20 90 81 40 50 21 31 16 51 79 31 24 52 59 61 62 58 1 40 51 5 33 22 34 54 74 50 92 94 69
0 100
71 76 4 79 7 45 99 45 6 7 14 92 41 53 95 39 19 40 98 66 80 79 20 21 65 59 64 28 36 76 22 42 94 99 56 18 22 66 24 3 17 65 20 51 9 91 88 33 72 18 18 38 99 47 61 61 10 94 41 60 14 7 50 95 82 41 49 7 31 73 59 44 35 40 25 22 0 59 87 89 41 99 10 24 32 39 68 32 65 31 45 36 13 16 19 87 30 57 51 38 66 16 94 3 39 53 54 80 91 20 33 3 38 40 15 35 2 36 13 7 87 7 10 30 3 56 78 30 63 40 14 15 46 29 54 82 36 33 14 83 3 50 47 78 68 66 64 63 64 40 39 70 64 66 70 69 83 78 17 82 99 99 40 84 1 38 50 29 20 50 41 2 64 36 20 18 14 68 16 30 64 35 78 69 18 85 94 17 85 91 62 72 76 8 60 14 20 6 70 84
0 100
11 39 92 80 89 5 39 79 86 69 51 15 58 44 44 20 6 88 78 5 95 96 78 18 81 32 40 6 61 16 21 97 95 97 77 85 72 94 14 34 3 28 77 67 81 53 68 26 95 21 43 47 29 21 60 23 4 78 83 20 12 70 97 49 96 63 76 1 84 60 32 91 62 41 92 90 28 59 62 29 24 40 49 26 44 41 38 93 31 99 65 51 98 98 20 76 56 6 35 53 84 43 66 28 90 45 79 27 49 21 63 18 2 45 42 53 3 33 17 59 14 90 73 15 31 34 14 76 43 40 34 97 41 69 93 96 3 93 92 44 67 66 48 80 52 76 61 40 86 66 48 13 66 63 29 67 14 54 7 83 47 94 71 59 48 23 71 15 37 85 21 56 87 90 51 79 19 6 39 40 14 3 3 44 75 50 92 24 11 84 21 42 23 50 61 91 94 14 32 41
0 100
77 79 29 90 99 28 99 0 52 66 5 22 84 81 66 13 32 87 62 56 13 53 74 88 2 20 58 9 46 79 32 38 19 94 43 74 82 23 42 87 8 6 47 46 98 46 48 86 71 53 8 43 96 53 28 17 75 19 17 85 17 91 41 77 22 77 78 10 47 81 31 92 97 26 66 10 0 49 50 75 9 75 0 75 11 68 56 45 73 65 3 98 96 34 54 3 40 16 42 99 43 63 39 26 51 72 9 51 19 21 53 20 27 69 90 60 23 41 6 10 65 87 16 65 63 62 53 50 99 46 94 77 99 51 94 36 25 97 9 64 85 83 73 66 40 89 38 98 40 41 81 79 53 27 82 63 12 30 36 92 24 65 48 57 55 27 66 84 16 2 99 11 61 30 95 47 25 24 4 44 7 57 83 65 11 13 57 38 67 60 13 34 66 91 35 20 87 9 77 8
1 100
5 70 32 38 20 22 31 84 69 24 83 65 0 60 16 79 90 32 61 40 14 58 87 8 4 68 25 43 81 53 17 91 69 21 94 65 10 98 52 71 90 3 9 98 15 59 27 1 72 92 34 11 70 3 77 85 94 87 99 77 78 10 23 4 4 69 9 17 23 51 3 93 60 95 43 34 28 17 58 9 6 45 18 9 58 79 38 22 59 82 63 84 74 53 74 87 59 64 65 95 13 98 26 6 31 36 81 1 94 8 63 35 65 56 1 14 38 19 39 79 2 75 87 44 98 35 64 14 41 85 89 88 85 34 60 92 32 37 62 9 76 7 23 76 59 51 24 13 84 53 98 22 91 61 66 76 70 84 17 61 35 1 85 83 6 99 96 69 10 78 64 99 65 97 76 88 5 56 84 81 65 17 67 52 71 73 10 95 80 9 45 30 16 37 9 64 10 24 99 74
1 100
12 75 83 30 75 25 75 40 52 40 2 60 58 62 54 52 28 63 14 20 36 76 65 96 94 18 73 61 85 27 44 13 48 87 46 51 69 74 55 57 86 34 91 34 66 63 56 89 59 84 9 60 38 72 80 20 82 12 9 4 60 47 21 88 3 84 48 65 36 44 16 45 32 91 55 7 14 94 46 50 4 44 38 1 34 48 56 3 3 34 53 3 93 46 31 61 78 29 15 85 67 97 14 13 69 15 11 78 49 78 77 80 61 13 72 71 19 21 97 73 1 76 19 61 9 13 61 81 39 95 24 56 42 35 90 96 10 54 21 1 66 16 32 18 42 90 74 10 14 7 25 79 14 79 18 5 39 71 58 10 72 82 12 25 44 21 68 17 13 11 40 89 14 71 10 44 26 98 57 35 94 14 22 8 26 56 41 66 12 68 53 39 36 71 10 88 24 43 71 46
0 100
41 48 68 90 28 85 50 5 19 19 85 33 85 80 71 33 86 73 73 41 16 36 52 98 36 60 86 36 8 35 38 1 67 83 24 17 86 83 44 89 68 50 42 43 46 8 9 4 87 83 26 14 57 60 48 10 70 56 44 2 86 88 78 29 66 36 54 57 88 12 28 41 61 33 44 38 9 2 49 12 56 55 94 22 68 78 87 79 82 12 37 64 33 40 1 23 16 98 67 13 36 79 44 24 35 76 27 0 41 10 27 5 11 27 62 9 46 41 89 79 6 44 30 66 15 19 87 36 80 4 10 80 36 6 85 41 37 81 58 51 22 4 17 64 74 41 8 83 21 11 14 89 10 26 56 49 19 70 97 39 52 83 95 83 6 64 69 42 25 25 0 29 65 17 33 11 57 64 66 12 32 94 77 38 67 84 6 42 75 29 48 1 92 52 42 72 91 50 58 28
1 100
89 79 57 12 15 37 15 44 35 63 92 79 92 64 48 23 47 81 39 34 3 63 45 13 95 69 89 55 24 31 18 2 54 57 63 86 66 4 78 14 2 0 26 62 2 23 52 27 70 97 4 74 33 78 43 47 87 43 0 14 65 40 97 76 70 70 67 19 25 24 23 26 91 40 46 91 20 11 8 80 83 20 46 67 77 81 86 13 56 65 9 18 7 54 17 95 27 48 32 13 93 57 72 56 75 37 47 9 17 43 82 78 90 65 39 68 54 47 57 41 3 87 99 29 23 29 91 19 62 16 71 45 77 38 16 47 89 53 15 30 96 58 45 25 25 78 35 34 99 1 39 16 53 26 45 98 2 68 79 93 40 84 69 81 46 52 57 45 17 82 69 67 88 81 32 10 33 25 23 63 98 46 42 56 64 34 31 86 43 95 17 17 28 12 48 7 82 59 58 91
0 100
95 98 13 20 4 26 47 88 3 8 30 85 72 56 6 28 54 75 60 40 62 31 61 62 49 6 64 97 70 73 33 36 58 74 88 96 94 16 61 79 58 91 91 0 81 89 76 45 65 46 11 8 49 8 47 58 47 13 75 2 3 21 11 54 41 30 16 19 34 95 8 80 28 60 80 75 31 82 27 17 37 91 7 19 7 48 18 18 7 29 89 62 91 27 79 86 81 72 6 77 72 32 25 51 54 88 63 63 83 72 89 72 2 75 88 2 42 25 30 78 39 5 9 26 68 53 9 0 92 74 12 24 34 2 37 15 30 9 54 98 68 45 51 1 48 38 36 23 51 28 82 3 97 92 65 96 7 18 33 70 32 9 90 20 63 68 64 48 79 75 17 44 33 7 45 17 62 46 82 40 19 23 52 8 1 96 33 97 65 80 24 90 18 8 88 51 66 44 57 72
0 100
7 50 12 0 22 0 70 66 32 66 49 49 87 70 7 25 48 49 84 82 88 74 44 74 70 5 23 4 45 75 76 13 52 78 36 25 53 87 16 99 88 48 74 58 45 27 15 85 67 81 74 73 8 15 23 75 73 51 40 51 93 13 13 44 83 56 99 79 32 99 3 7 2 43 48 12 72 20 88 83 70 57 30 33 58 84 30 79 76 7 82 7 8 94 65 49 86 28 50 39 58 14 57 17 76 73 33 78 48 19 98 85 36 47 35 39 70 40 85 23 49 28 64 77 7 3 7 10 81 40 50 58 8 86 16 43 98 30 36 53 6 2 6 76 24 42 98 29 8 57 37 59 31 14 71 88 73 21 87 73 99 10 89 9 74 97 94 69 24 93 27 80 2 63 44 88 38 86 68 52 37 42 93 38 71 49 18 98 79 1 98 59 39 71 56 50 83 59 13 74
0 100
94 46 98 40 59 91 0 7 88 34 83 89 72 83 13 13 17 82 3 19 2 60 54 6 91 49 61 99 87 64 41 11 36 88 89 12 1 11 56 64 14 16 41 25 62 45 58 13 75 90 53 36 9 62 95 5 9 72 45 15 48 35 7 43 80 72 45 66 60 29 73 73 71 18 29 89 74 76 79 66 63 57 46 60 3 3 25 81 52 86 7 4 51 74 8 62 96 36 34 36 0 82 48 46 62 74 66 80 51 63 71 85 63 47 90 42 74 15 89 24 15 54 6 34 58 30 26 10 22 60 75 15 32 26 40 93 5 72 77 71 31 62 15 67 58 35 11 30 18 54 76 28 86 11 60 30 40 68 43 1 85 73 41 31 33 69 43 49 3 34 75 76 63 16 62 96 45 88 36 50 34 33 24 11 43 7 92 93 98 94 10 89 93 67 21 62 12 83 26 16
0 100
43 67 8 55 57 1 20 84 41 4 29 15 29 48 67 63 53 56 14 31 26 17 13 94 78 76 89 50 4 53 18 30 71 97 23 51 76 82 38 43 92 38 0 30 20 38 66 65 86 26 95 74 69 48 85 11 90 98 52 6 53 83 10 98 95 79 39 76 73 10 95 67 84 49 11 16 50 67 35 50 55 88 28 33 85 4 61 0 34 65 82 37 33 29 81 7 44 15 29 69 3 41 85 67 39 11 19 74 69 29 92 12 9 28 39 81 33 37 26 57 97 32 28 14 85 19 82 70 59 25 82 44 48 62 19 78 17 94 93 99 68 60 43 30 90 35 47 38 49 58 11 88 16 20 67 4 95 23 74 37 56 15 9 80 50 30 81 81 38 22 30 92 99 6 2 26 69 34 86 32 60 61 31 38 89 43 11 92 46 13 32 97 76 11 63 92 86 48 88 11
0 100
28 84 7 37 15 10 71 80 89 78 29 65 13 56 24 82 38 37 97 15 50 74 77 4 94 18 95 35 4 15 46 77 91 39 79 65 78 34 7 58 97 5 67 48 65 61 76 67 17 52 37 22 59 24 90 31 43 64 82 50 71 3 97 19 18 2 16 93 4 11 26 12 23 82 60 3 53 90 50 25 44 36 7 56 75 16 24 21 84 12 1 59 27 98 59 58 9 94 71 50 18 55 39 95 6 75 53 23 23 21 79 37 98 62 81 10 0 46 31 51 53 94 61 17 33 67 33 10 22 32 31 32 95 49 10 69 27 9 39 82 80 31 52 77 36 5 69 99 74 25 38 21 48 90 50 66 12 47 12 50 99 15 77 19 94 57 67 58 20 86 40 45 45 79 64 7 4 38 33 64 72 58 29 29 3 66 1 19 41 79 10 17 77 95 41 73 26 81 46 44
0 100
50 99 68 37 30 51 36 46 71 24 77 7 64 52 97 81 90 54 65 1 97 91 21 24 0 17 99 48 27 61 44 21 88 0 86 74 88 21 75 89 50 45 20 73 44 66 46 94 29 25 65 89 19 99 16 15 87 66 61 95 14 6 30 99 25 42 33 74 25 44 60 63 97 95 55 26 36 85 5 93 12 81 70 3 72 70 0 86 7 47 31 60 3 99 36 27 79 64 56 37 60 83 34 74 79 98 31 86 25 47 45 99 78 12 3 39 65 92 60 18 53 46 7 22 8 53 7 49 85 44 73 87 47 42 38 82 25 43 8 63 51 47 44 5 81 46 28 72 77 47 19 26 68 27 30 5 38 24 41 20 14 22 12 76 92 28 63 38 87 34 94 31 33 45 30 96 82 58 41 49 90 83 99 5 56 97 37 6 66 1 95 7 76 0 87 25 34 47 24 99
1 100
41 44 87 18 48 1 25 52 76 17 23 51 45 93 23 12 87 85 32 50 81 40 79 55 53 89 5 75 67 25 6 88 89 99 51 43 42 55 29 68 38 30 31 86 20 2 51 79 65 96 91 27 13 20 61 17 3 98 58 97 93 38 7 99 83 58 51 94 15 19 66 96 7 29 49 58 47 31 81 62 98 51 60 83 89 69 13 7 69 99 72 30 92 81 97 84 43 9 69 26 70 47 6 86 83 28 32 87 63 23 43 62 57 37 92 97 22 16 40 77 25 5 24 38 20 50 38 71 80 31 60 11 99 84 76 68 55 77 8 57 86 36 67 87 28 14 47 62 67 48 13 53 98 12 34 97 45 91 26 49 7 27 91 20 90 60 89 78 36 19 18 93 30 69 61 55 57 1 54 92 22 77 17 85 5 99 14 60 6 36 13 19 30 96 99 40 14 17 70 69
0 100
77 75 88 71 6 95 90 38 96 86 95 80 4 16 16 86 86 71 42 16 70 17 90 99 33 4 93 82 85 18 34 57 47 86 68 67 85 27 40 49 87 23 72 55 72 15 4 71 77 85 0 10 38 72 96 4 2 31 88 78 1 7 95 46 78 61 37 44 51 93 78 96 89 11 27 6 64 59 34 97 68 98 4 47 66 71 86 54 64 51 85 46 29 59 98 31 7 33 49 27 57 9 86 50 87 97 56 19 98 53 9 93 85 40 43 62 91 43 59 64 87 86 42 35 3 93 65 41 38 53 41 37 77 48 74 51 85 83 82 93 3 0 85 58 99 94 93 7 18 63 42 85 62 94 57 45 85 20 42 11 75 57 22 46 56 90 93 76 24 86 98 35 16 61 2 48 11 50 11 81 39 63 69 98 56 69 45 8 10 73 76 98 91 92 35 66 26 23 8 27
0 100
5 16 16 72 63 0 23 2 25 34 88 4 31 24 40 84 84 80 81 37 11 18 57 32 25 63 82 96 55 49 29 98 84 4 32 43 1 28 67 32 3 80 81 73 54 79 69 79 57 89 11 74 80 83 93 33 97 58 81 8 3 5 52 61 38 55 8 7 10 42 15 9 18 10 6 96 81 26 43 97 6 39 5 48 94 30 71 47 38 32 46 65 52 19 51 96 67 75 85 45 58 50 17 28 6 8 65 5 46 58 10 86 2 57 39 73 95 88 82 9 23 67 27 73 69 75 66 53 85 35 82 8 69 17 4 9 35 30 57 35 33 9 90 26 9 85 63 19 4 39 39 16 83 40 69 57 34 67 54 74 15 25 22 67 10 87 66 69 65 28 97 42 72 4 29 63 1 71 52 93 31 57 26 22 2 79 38 92 62 53 20 82 91 29 15 73 53 6 7 91
1 100
72 37 6 70 76 71 11 43 44 99 82 19 22 5 11 21 45 37 75 26 16 13 77 86 67 53 35 76 37 5 99 18 35 21 63 63 55 36 6 34 87 82 96 87 72 56 94 81 4 38 48 35 60 40 55 43 86 73 69 52 52 98 90 81 87 7 57 35 71 89 46 3 53 22 48 12 24 89 2 75 1 64 8 3 26 20 24 85 46 6 42 37 19 71 65 41 44 19 7 79 34 90 42 40 19 15 69 98 69 83 53 19 39 11 13 15 50 89 71 53 36 95 26 55 78 63 63 60 79 78 72 18 90 82 76 98 80 73 32 67 94 84 7 50 30 85 81 73 40 6 24 40 65 87 50 71 24 52 78 76 94 97 26 34 15 85 81 24 36 5 32 61 83 76 99 72 80 59 97 72 34 93 20 66 32 47 83 84 15 77 2 93 26 17 61 86 13 16 87 40
0 100
54 32 30 70 11 45 56 30 9 52 61 65 35 32 7 93 42 81 89 26 53 98 2 95 30 31 77 98 7 64 98 87 37 74 45 71 3 40 69 49 44 61 49 66 42 50 52 62 32 74 14 72 66 45 34 40 67 72 48 67 7 63 58 22 89 23 80 5 88 86 49 16 6 54 13 73 11 26 75 87 60 31 24 24 9 55 13 89 23 45 78 63 26 31 42 21 27 51 27 42 52 7 5 96 16 53 94 53 5 81 17 15 96 29 72 11 29 84 99 27 7 40 93 55 20 29 49 30 62 22 8 90 94 86 83 12 83 51 45 10 39 42 57 81 48 25 30 14 45 24 34 27 51 24 67 55 77 88 23 29 45 77 47 1 65 41 99 19 52 47 37 16 56 98 86 8 72 79 88 24 46 15 96 24 37 13 49 57 15 57 16 66 18 71 45 73 2 51 3 71
1 100
15 13 95 38 1 11 61 30 28 98 85 19 93 56 98 1 45 10 44 5 60 33 22 88 98 87 7 91 26 48 30 88 92 44 34 2 10 26 18 38 27 69 13 89 10 86 77 19 20 78 58 63 29 61 40 17 65 59 84 20 76 76 26 15 1 70 30 99 12 85 45 3 83 44 47 11 46 77 85 23 53 96 19 27 78 84 48 34 17 24 88 83 74 60 29 29 52 87 28 6 6 8 62 83 2 19 24 3 64 97 34 52 95 18 11 15 22 60 37 63 66 71 89 42 64 51 83 26 0 50 16 86 49 30 26 12 64 87 42 45 75 54 78 21 80 5 85 33 35 54 6 15 47 48 45 18 88 51 6 74 49 57 58 71 64 77 47 82 86 74 37 81 57 0 73 36 13 12 51 48 68 25 81 46 66 2 19 85 30 89 33 74 18 98 46 60 59 7 98 30
0 100
6 5 81 97 67 52 17 78 97 48 3 64 43 17 8 41 22 76 95 4 64 5 49 61 57 30 18 16 98 45 34 77 89 94 62 70 77 3 26 47 63 22 35 44 1 78 24 39 9 65 41 63 26 63 58 31 54 37 27 63 0 13 51 26 72 8 73 79 80 6 70 8 56 99 70 58 89 34 47 18 1 43 56 59 62 76 38 38 89 28 6 99 8 99 98 83 18 64 56 47 34 2 37 19 26 6 84 50 46 1 75 74 18 99 92 95 13 90 50 61 28 92 96 54 71 73 22 62 96 40 37 47 96 99 64 72 15 60 77 29 33 74 47 74 2 91 10 88 71 11 88 41 74 33 80 40 81 86 59 72 81 6 0 2 50 38 57 61 42 30 76 17 52 40 48 51 30 65 59 8 82 35 36 87 45 81 76 53 40 78 91 86 65 2 81 23 19 65 69 93
0 100
63 70 32 80 65 21 92 50 53 19 22 39 68 42 90 92 85 39 93 77 61 36 55 46 95 77 22 84 40 87 52 67 80 99 74 56 4 34 67 45 53 73 20 8 62 6 38 95 26 20 52 94 71 34 89 45 24 3 83 95 42 37 53 2 54 8 26 72 70 70 65 15 17 27 22 9 42 58 78 39 22 5 97 40 4 64 99 78 42 96 59 82 14 74 21 12 47 31 2 86 26 9 28 31 15 4 84 35 66 48 55 81 55 34 48 42 65 36 5 8 49 62 67 91 65 29 70 86 12 88 35 99 24 10 4 87 24 48 80 51 4 58 96 28 27 35 83 97 75 55 41 95 3 75 63 59 33 34 48 71 66 39 97 52 84 86 85 85 76 83 9 23 95 65 29 64 92 3 51 77 20 56 0 48 5 68 66 26 76 49 87 85 95 13 81 65 88 89 41 86
0 100
6 22 95 84 79 56 22 52 19 20 3 58 7 13 47 24 13 8 33 42 76 4 59 21 52 81 63 49 62 30 50 16 75 24 82 11 85 30 99 12 55 91 93 27 53 3 71 65 24 89 47 85 65 9 25 59 4 23 40 22 72 51 1 70 57 51 7 0 37 2 38 9 20 66 5 49 65 70 41 96 39 24 93 80 72 66 40 18 41 58 5 36 51 68 54 26 42 2 51 25 41 19 34 51 7 27 64 86 10 99 48 52 57 43 82 10 22 68 81 24 67 6 20 49 48 99 35 89 55 31 82 60 26 27 54 89 69 65 75 17 63 31 7 91 13 12 8 3 30 42 75 92 2 56 34 42 63 54 72 5 37 21 39 91 19 29 71 28 7 90 34 68 98 34 21 25 88 13 44 30 95 81 35 45 17 85 21 0 45 84 77 16 2 49 23 57 39 31 34 63
1 100
21 25 38 32 75 92 61 33 43 0 57 99 18 2 5 43 77 48 64 63 86 39 72 50 70 7 97 89 36 79 67 13 52 78 97 80 8 99 17 47 48 90 88 87 52 42 93 80 27 37 54 81 19 87 4 39 9 78 97 12 66 82 94 61 38 93 73 65 72 12 47 44 45 66 55 38 13 28 58 91 43 63 47 16 3 54 54 16 70 65 49 98 53 9 10 65 19 50 25 56 96 4 56 87 9 8 33 7 76 43 63 66 82 93 97 43 68 50 3 75 32 97 23 79 20 8 10 51 23 6 75 84 64 36 2 60 55 6 95 65 97 91 17 59 74 58 75 76 37 0 49 0 40 25 89 12 60 30 50 38 25 25 86 21 57 65 23 57 72 61 70 26 74 90 50 45 44 55 69 33 93 45 92 93 81 97 34 33 53 30 82 11 10 98 42 66 15 50 43 99
0 100
49 64 48 60 39 36 35 58 85 23 36 32 10 2 83 44 51 73 18 36 91 6 75 21 28 24 83 61 84 40 96 2 96 26 10 35 49 10 12 2 42 9 47 2 50 50 19 91 15 91 5 60 33 15 19 8 30 80 9 37 88 82 10 65 36 48 74 13 84 9 31 8 31 88 72 62 57 62 15 55 17 3 46 0 10 70 3 63 20 65 50 98 2 69 84 14 83 74 26 34 17 96 75 91 21 19 85 12 62 24 81 54 50 70 74 8 86 98 87 11 72 24 48 21 48 72 56 51 15 63 37 12 94 39 12 44 91 78 9 90 9 44 77 14 79 60 49 20 35 54 21 76 81 52 62 42 64 19 50 72 14 58 97 99 47 17 77 27 79 24 68 46 90 49 33 7 19 0 77 62 19 86 24 35 28 16 45 68 95 65 17 12 83 29 92 7 98 58 60 8
0 100
30 47 55 21 70 55 62 49 7 9 88 69 62 47 97 97 96 10 40 47 9 57 24 67 40 10 57 73 83 31 77 99 69 18 29 86 24 91 10 97 89 78 71 32 98 97 17 17 50 27 74 82 64 68 88 56 58 21 82 5 6 36 74 9 23 5 36 75 73 77 84 44 25 20 45 43 68 24 98 1 95 50 91 90 60 45 91 88 41 64 22 91 91 67 48 92 87 16 9 73 85 99 31 23 8 79 64 31 19 85 41 44 91 82 59 60 59 78 49 93 58 85 83 93 21 85 2 33 5 71 97 62 30 75 12 85 99 31 16 46 33 63 97 12 2 61 74 44 29 71 31 46 54 0 70 88 67 86 8 60 43 19 46 51 3 95 64 23 95 33 23 93 82 0 40 7 57 59 56 34 92 48 72 98 35 88 38 76 46 87 37 63 9 67 5 70 64 80 47 51
0 100
27 87 43 13 71 71 22 54 47 87 22 98 6 4 78 99 91 94 27 26 39 74 34 75 74 26 48 16 67 8 23 65 29 37 16 68 68 95 5 44 36 39 71 25 23 51 54 71 76 10 30 25 51 19 84 54 1 49 61 46 40 92 3 32 60 83 34 60 50 1 45 38 96 56 22 99 87 72 58 9 80 74 84 26 19 92 40 35 45 35 35 0 71 90 31 35 60 81 73 83 99 65 24 49 85 31 17 91 89 57 59 71 32 30 10 56 93 51 93 45 94 95 99 1 36 43 64 75 29 27 92 22 75 38 60 30 18 49 45 21 78 25 89 81 82 24 40 71 37 98 41 6 84 0 32 78 67 5 62 99 92 55 72 22 16 67 75 10 60 92 21 27 51 36 64 94 9 69 23 3 44 91 51 0 32 46 6 59 22 47 63 74 89 71 87 91 41 3 41 14
1 100
81 52 36 10 70 51 7 93 42 47 69 93 3 32 19 23 89 98 2 49 87 24 85 10 47 65 71 58 10 65 53 19 87 51 10 56 4 1 80 8 52 93 33 35 21 46 38 35 76 11 1 62 51 42 59 17 60 8 31 24 38 33 62 35 90 90 11 93 45 89 86 91 5 89 24 86 42 96 48 19 83 67 59 60 74 28 97 40 80 82 59 37 89 57 43 70 53 8 93 40 2 91 62 37 79 6 2 76 22 0 33 42 25 89 62 42 59 28 82 7 36 33 16 15 57 23 93 85 74 9 22 13 51 32 62 25 81 20 43 22 39 76 73 33 82 60 69 65 36 60 62 13 75 61 50 35 32 46 89 97 96 21 38 72 87 98 30 80 82 96 46 1 8 85 19 78 9 66 7 97 43 40 26 75 53 82 23 44 47 17 38 58 44 0 10 42 80 16 18 41
0 100
90 91 36 40 22 8 76 46 58 81 45 95 6 43 20 5 68 13 76 48 51 31 49 69 83 0 50 13 71 96 71 86 41 39 12 18 49 22 34 18 21 74 90 57 84 67 92 71 79 62 6 80 32 95 18 41 57 53 38 45 12 45 74 46 65 20 19 11 48 34 50 59 94 10 87 4 67 37 54 24 92 26 33 38 97 54 10 65 8 2 31 21 20 22 60 16 43 70 44 19 70 50 21 86 90 96 39 25 43 4 61 3 13 30 55 23 98 73 22 12 84 7 89 53 2 27 54 73 94 29 1 54 19 48 52 95 59 22 41 76 0 98 34 31 52 28 59 14 62 13 3 25 83 69 97 87 37 46 94 8 51 13 70 4 0 54 22 3 70 26 95 45 11 80 43 45 84 39 23 57 50 38 80 48 71 82 16 60 49 83 21 60 73 33 30 40 73 5 50 34
0 100
17 22 22 23 65 55 20 98 76 62 61 40 12 31 88 67 13 60 0 85 7 79 17 63 35 81 54 99 14 85 76 9 85 19 66 60 6 49 17 70 18 19 97 46 47 49 70 64 88 50 40 94 76 35 87 44 58 68 0 53 56 21 9 77 71 29 93 80 41 51 64 36 52 65 60 21 13 28 14 82 44 3 84 62 78 71 77 53 73 11 55 11 27 24 10 96 1 22 50 23 31 17 10 32 81 61 22 26 44 63 79 69 16 54 76 34 60 13 10 68 53 62 95 38 42 64 4 13 15 8 15 84 22 82 59 88 62 40 76 30 31 47 95 0 81 71 73 92 81 15 90 46 47 19 60 54 14 23 94 81 52 24 82 34 50 78 57 16 32 97 49 71 51 39 75 79 28 98 66 33 99 86 39 4 13 49 50 91 40 14 31 24 30 53 24 58 96 45 94 56
1 100
87 13 89 68 27 96 30 67 9 69 33 37 38 40 16 99 51 1 12 40 29 25 62 2 12 91 98 60 6 30 70 54 22 86 25 97 87 4 22 94 97 32 88 74 44 95 61 3 14 54 75 57 69 5 75 5 46 15 46 27 29 38 12 70 73 21 95 61 29 73 92 55 93 34 37 7 77 31 84 0 68 19 82 4 62 72 66 65 75 24 12 51 56 39 34 57 98 59 71 31 8 62 82 0 50 72 31 23 80 48 49 60 50 23 51 84 68 78 48 68 83 1 76 65 1 20 80 13 51 47 68 13 40 92 18 35 73 87 30 5 15 67 48 60 35 39 70 96 22 9 11 30 80 36 10 34 14 31 88 28 46 88 79 70 24 80 81 81 0 53 73 67 69 28 36 18 84 43 43 18 27 49 83 44 39 58 76 67 53 5 41 78 33 11 99 64 83 66 71 25
0 100
88 40 80 13 81 21 99 80 16 18 4 14 77 68 43 52 58 12 66 67 63 32 2 4 13 58 57 65 13 57 9 16 11 28 47 41 96 48 38 74 94 60 10 83 90 76 46 32 81 76 67 33 15 88 76 11 26 41 76 20 64 24 60 79 93 68 41 17 59 90 69 92 91 83 12 4 58 80 18 65 28 61 3 86 48 68 20 23 63 61 42 86 87 41 51 75 25 41 70 99 37 87 77 55 38 68 32 70 18 76 80 16 60 78 68 4 34 76 42 31 47 5 90 48 76 54 62 98 18 73 75 80 2 55 82 55 90 14 32 86 60 34 64 57 18 15 80 33 73 32 55 65 18 29 90 8 82 45 19 18 93 78 54 91 57 33 83 60 26 33 15 7 89 6 56 0 64 88 78 68 57 90 13 88 75 82 75 61 13 10 71 38 15 69 1 29 34 30 11 48
0 100
91 60 37 62 99 7 86 4 2 19 53 5 21 25 4 90 47 35 54 7 30 44 30 34 18 43 38 85 89 18 43 90 78 40 27 45 65 26 90 69 95 29 93 85 58 57 4 68 17 19 8 59 65 4 51 5 95 6 57 36 18 42 36 2 86 86 51 61 63 60 89 12 70 16 63 11 14 19 20 3 77 57 34 73 6 37 55 79 25 94 78 79 78 90 64 8 38 33 67 34 81 74 39 10 61 73 61 59 17 16 94 65 55 83 35 76 4 32 39 22 80 18 60 47 67 93 69 45 38 29 65 79 9 60 39 77 89 39 93 8 40 74 13 48 76 23 54 39 97 14 76 86 73 2 83 94 71 46 99 4 13 41 71 30 27 66 88 1 45 60 85 60 61 52 72 7 52 99 68 71 71 98 24 19 39 97 91 7 81 9 50 0 53 31 1 48 69 28 1 74
0 100
37 29 6 78 96 66 14 47 11 65 96 51 53 59 62 85 27 94 48 29 9 87 28 11 92 89 56 16 58 10 79 7 39 46 4 18 13 92 26 4 47 12 41 36 78 50 87 22 70 53 56 96 60 19 86 21 6 13 40 26 72 89 90 62 1 65 80 17 54 34 83 26 29 47 55 10 53 43 10 78 66 96 91 48 80 92 22 77 8 34 60 91 32 73 12 52 39 6 78 84 59 26 11 86 15 77 44 72 1 52 36 72 29 30 88 90 32 87 94 78 93 46 39 80 26 28 19 59 60 73 14 35 34 84 15 46 39 45 8 52 59 55 37 58 41 28 94 63 34 78 17 13 71 27 54 12 3 35 67 35 75 5 32 18 90 56 0 66 44 28 32 49 26 35 0 23 84 41 21 95 27 2 56 41 79 36 7 26 12 75 49 0 40 52 94 66 21 99 57 20
0 100
92 61 63 79 9 39 95 9 68 36 36 79 14 62 91 75 71 40 60 8 37 18 59 65 41 18 91 91 68 40 92 75 66 19 89 14 46 96 29 95 67 73 78 54 26 69 11 73 61 23 18 17 58 11 96 23 81 38 26 18 36 14 6 82 61 90 76 5 70 43 42 61 61 43 93 60 85 70 89 67 99 30 55 13 69 38 57 63 10 41 47 26 62 15 64 90 4 28 14 51 40 88 84 2 16 51 15 67 17 98 78 46 93 42 68 22 95 76 76 43 23 18 85 64 33 41 86 23 76 51 76 88 19 36 64 61 23 34 46 27 31 26 50 36 45 45 2 40 42 36 5 74 28 19 50 19 42 40 26 62 31 3 91 13 34 13 12 82 7 70 52 2 74 91 21 58 34 7 18 25 50 4 35 84 33 1 96 97 60 68 26 17 50 33 51 4 70 20 28 87
1 100
54 0 50 80 65 80 31 55 99 92 79 97 80 95 58 22 66 39 10 10 50 5 88 12 54 1 21 6 78 54 89 18 20 86 59 15 24 11 99 55 85 46 59 88 4 30 90 8 5 47 39 61 58 74 51 61 94 10 27 79 60 92 35 20 76 5 54 71 33 93 14 53 54 58 20 25 70 28 70 87 24 67 51 4 0 49 60 2 58 51 51 75 46 8 88 70 55 88 92 60 77 53 49 12 73 66 95 0 99 12 63 11 8 93 90 62 95 54 23 28 82 49 35 53 98 80 96 2 84 89 83 72 59 69 26 24 56 6 17 98 75 41 16 36 49 96 66 8 44 15 77 69 17 57 36 75 30 14 38 99 64 57 2 86 70 57 12 97 7 78 53 5 36 72 68 70 15 46 22 23 77 61 95 70 39 70 75 90 40 88 91 86 7 49 8 18 92 22 76 0
0 100
92 97 95 53 37 26 12 80 26 90 50 22 50 52 46 55 8 32 63 25 83 1 52 44 69 60 7 61 20 69 74 65 34 53 94 24 3 30 69 84 37 92 5 59 73 85 82 22 35 79 77 54 49 9 65 3 40 50 18 94 67 3 90 75 12 32 44 79 83 45 15 27 21 59 67 36 46 33 97 86 38 72 96 22 11 12 35 20 68 14 48 9 28 89 84 18 70 72 58 65 65 0 77 59 72 45 85 33 30 85 98 88 24 29 86 55 24 12 90 41 83 17 48 55 45 76 11 53 20 77 54 44 96 83 14 27 59 20 92 73 29 45 56 56 21 69 99 16 38 89 4 55 60 20 49 11 15 38 99 61 95 8 3 57 32 6 83 99 19 51 92 88 76 15 94 98 81 87 67 16 5 17 21 67 61 55 1 83 25 62 10 58 36 30 84 8 29 82 97 83
0 100
43 40 77 30 89 74 62 1 19 79 59 9 51 54 60 37 52 56 35 25 8 5 79 71 6 86 26 87 95 1 57 5 22 56 83 73 54 16 84 92 78 88 31 30 83 77 92 81 74 87 56 54 32 68 74 34 91 37 0 40 1 45 46 53 88 25 71 64 40 81 12 78 89 97 61 64 84 99 6 73 47 47 57 46 13 65 70 62 33 61 16 88 84 55 8 71 88 5 15 23 79 38 67 87 13 85 71 89 83 28 48 61 11 21 44 56 69 81 55 97 96 73 50 42 85 15 1 44 46 1 45 18 34 91 46 14 58 25 25 55 55 96 0 38 12 94 54 92 4 6 62 79 82 93 49 94 87 51 9 58 35 38 66 14 42 51 81 36 73 0 73 54 98 59 34 94 34 22 90 23 5 1 46 4 0 78 64 69 77 56 77 89 23 52 25 29 86 97 1 57
0 100
16 36 73 39 1 5 29 25 51 17 38 83 23 79 62 68 31 1 83 43 99 44 16 16 92 79 49 30 70 35 94 49 88 91 93 40 37 80 56 23 21 15 9 9 51 35 2 25 58 74 64 85 9 8 93 62 1 6 54 55 15 6 57 44 63 86 26 89 71 31 87 5 71 41 30 63 94 35 18 74 61 24 35 93 84 43 13 35 78 36 10 59 70 96 83 63 19 93 43 10 0 95 37 36 41 59 32 35 93 52 95 30 82 49 44 35 48 30 84 13 91 77 61 3 81 22 68 33 75 54 97 4 95 25 33 92 81 66 22 88 83 9 95 41 43 69 0 5 67 68 39 79 87 15 21 26 10 40 66 41 94 85 14 21 82 16 58 64 99 83 64 60 11 49 38 99 83 46 58 96 83 11 76 38 35 53 26 84 55 87 3 2 44 1 33 62 25 35 40 89
1 100
67 86 25 57 2 71 57 22 95 90 1 57 99 47 11 85 27 8 54 22 26 1 46 33 16 29 51 20 21 20 59 10 52 97 76 45 83 56 84 52 72 55 83 8 35 66 9 77 74 63 44 56 9 97 91 51 93 62 48 47 57 83 70 11 26 77 88 39 40 29 46 96 25 47 22 12 97 98 50 42 60 19 6 95 54 16 82 65 90 57 94 86 34 94 12 31 84 23 93 22 40 37 18 18 76 4 32 36 80 62 66 41 74 23 11 51 33 63 22 39 10 17 73 4 29 21 23 13 22 77 64 47 16 77 19 19 57 54 83 87 54 6 62 1 32 79 22 26 99 51 62 76 43 19 67 87 87 5 65 89 43 67 57 29 64 60 46 14 68 43 73 17 45 17 31 54 48 55 47 14 35 25 47 84 41 43 4 87 32 73 56 56 20 24 60 67 14 82 0 31
0 100
37 0 4 87 82 99 15 29 4 22 9 99 96 68 8 28 36 73 0 41 7 7 73 78 27 47 30 59 4 86 64 16 39 89 44 95 95 99 69 47 30 84 55 60 24 64 61 84 17 53 83 62 76 36 96 92 42 98 91 58 98 60 66 29 90 51 24 44 98 12 3 27 78 73 67 49 29 94 99 14 91 62 18 97 25 67 66 82 43 81 22 27 25 45 40 99 96 19 87 69 49 42 62 84 48 47 55 94 84 74 99 67 37 4 29 57 18 98 97 73 99 12 58 49 71 17 9 77 45 67 6 83 12 61 77 61 58 2 92 94 51 45 28 46 86 30 96 57 43 82 28 37 11 34 56 24 36 28 63 78 28 88 33 91 63 29 26 91 60 90 55 16 30 58 14 12 55 53 85 32 68 94 78 92 62 2 90 10 46 56 40 15 77 21 10 79 4 52 48 74
0 100
45 11 25 92 0 76 5 61 11 44 54 42 79 92 19 34 34 72 25 69 89 21 11 32 69 23 45 61 61 28 68 80 96 52 34 96 19 16 10 81 54 13 81 31 66 18 35 33 94 19 65 11 27 29 2 44 53 8 59 50 47 84 10 53 76 12 67 57 11 93 37 88 44 4 61 33 80 35 73 16 69 65 79 50 25 68 93 62 38 6 1 85 70 90 66 8 10 0 28 56 80 67 75 85 26 49 0 62 56 43 73 87 75 31 0 70 51 47 6 33 52 54 18 37 49 52 10 4 84 75 16 11 74 74 87 38 41 8 77 46 73 60 6 55 9 78 1 36 62 75 90 8 32 36 44 69 69 56 58 79 90 95 87 43 68 29 66 2 34 59 6 98 19 25 38 54 97 43 13 78 95 69 73 44 40 2 4 30 22 9 85 56 81 58 80 27 34 24 52 64
0 100
73 71 35 26 63 41 88 28 55 99 87 12 45 34 27 90 98 82 73 94 93 3 48 84 87 82 75 7 22 26 1 76 25 74 28 94 27 15 8 25 53 28 36 3 46 11 37 69 56 13 89 51 74 28 58 93 94 21 17 86 45 48 21 92 61 74 88 51 22 21 8 87 47 11 72 73 10 19 70 24 77 5 4 73 99 89 46 49 59 38 85 75 13 14 90 81 17 43 56 88 56 92 98 20 30 64 23 55 40 27 28 65 49 13 32 28 25 79 30 94 67 70 7 24 51 50 61 83 23 56 17 21 72 99 5 79 74 18 34 61 30 29 7 69 82 82 56 72 2 13 78 32 11 85 45 63 67 48 49 2 61 69 78 67 5 97 51 55 44 77 67 53 48 83 37 27 39 68 70 6 94 0 26 53 29 55 8 4 38 77 63 33 30 10 64 41 14 87 99 23
1 100
27 71 9 82 64 0 17 46 28 46 8 55 30 45 72 23 34 61 14 34 66 29 61 52 3 20 62 64 94 56 39 46 7 18 42 76 54 8 27 2 91 2 6 83 98 12 31 35 8 44 47 74 65 11 45 34 63 22 32 35 29 57 33 41 46 22 46 47 6 13 35 26 91 72 9 67 55 52 52 31 59 90 58 93 90 99 88 51 43 4 64 12 79 66 54 31 55 51 10 53 58 31 11 3 6 50 49 26 90 81 75 35 66 82 86 31 43 70 50 0 43 29 51 55 90 41 83 17 1 85 31 46 77 79 44 95 70 38 51 2 26 17 33 0 48 83 19 30 16 84 96 63 11 67 21 8 16 22 50 30 43 71 56 19 38 76 65 70 49 83 65 1 85 4 29 11 62 99 69 71 66 33 33 45 40 49 88 82 40 99 42 81 27 35 43 16 58 50 36 73
0 100
31 86 36 73 39 93 13 96 69 35 29 91 35 28 94 13 88 82 43 19 4 75 99 62 10 29 75 39 16 79 1 64 17 32 36 76 28 43 92 93 23 91 7 49 95 16 75 95 82 21 60 17 33 77 84 69 58 43 82 43 88 64 62 82 33 0 53 18 20 44 98 72 49 5 64 17 9 81 24 40 91 99 15 59 56 84 14 4 94 4 19 78 10 93 35 26 68 55 78 58 72 71 66 34 48 63 34 11 54 53 14 10 69 37 49 54 40 54 32 83 87 68 56 68 8 55 11 66 40 63 30 82 13 46 77 53 49 14 29 70 63 7 30 86 83 21 21 96 48 12 12 35 29 85 7 67 37 86 20 99 5 15 86 5 45 42 7 96 82 87 17 61 73 4 24 18 69 67 4 37 14 29 99 29 66 37 84 95 9 49 81 11 30 19 13 76 70 95 96 2
0 100
87 88 64 63 62 1 23 69 25 61 41 29 6 32 20 19 88 60 45 26 67 10 72 61 66 43 81 85 93 39 47 76 16 13 17 0 3 77 22 69 93 14 12 72 17 39 51 21 15 81 60 27 0 79 57 94 39 43 94 50 8 18 38 15 12 22 84 52 60 51 45 29 28 81 22 79 97 56 0 3 17 83 60 9 24 38 58 1 2 0 14 98 29 14 75 28 59 35 54 40 98 84 32 67 60 98 38 18 8 46 92 40 9 20 95 20 48 1 34 52 7 18 7 75 70 89 34 5 8 30 46 30 36 57 15 70 71 68 40 77 93 15 63 14 9 74 57 70 5 7 74 64 52 38 55 93 70 38 70 63 25 21 75 49 4 60 60 66 34 87 72 39 70 11 54 76 30 0 58 55 81 83 21 83 18 67 6 84 71 45 17 77 32 12 2 6 9 64 57 99
1 100
70 72 90 80 23 10 6 60 17 91 25 34 40 58 63 77 96 52 64 67 76 30 31 92 54 80 29 88 71 78 52 65 49 37 2 6 94 18 86 89 31 45 73 84 73 63 35 89 21 96 2 19 53 48 96 30 78 75 26 80 27 15 27 24 88 43 58 56 95 20 42 12 81 8 1 28 94 31 99 61 88 77 45 67 12 47 61 59 25 10 72 89 75 32 59 77 35 30 33 40 11 39 24 18 51 98 48 13 11 44 38 94 98 76 63 74 1 19 37 84 5 66 92 56 26 21 11 65 75 54 99 45 42 51 13 76 40 36 8 26 30 76 20 3 2 13 39 67 9 72 90 46 19 7 18 22 31 82 49 10 70 73 88 68 21 89 97 19 57 99 1 81 87 60 79 69 60 32 97 4 46 70 48 21 37 92 64 17 31 64 90 45 70 86 71 34 47 88 92 93
0 100
13 31 23 97 64 14 92 93 46 83 75 24 60 7 64 54 34 82 56 6 29 28 19 21 0 73 13 97 7 94 80 58 35 97 47 88 88 74 4 33 74 49 82 52 22 72 43 3 37 41 1 4 43 98 98 0 15 68 48 88 93 48 25 26 22 44 34 89 84 88 42 38 88 27 39 35 88 68 99 52 81 19 33 35 14 43 35 11 87 18 26 30 46 81 12 23 34 32 99 64 27 38 86 85 90 68 42 46 55 71 78 33 65 65 14 71 0 27 11 6 59 15 10 44 43 14 23 47 89 33 87 59 56 9 98 2 11 65 81 0 95 27 73 35 33 21 95 10 61 22 93 43 24 8 57 13 49 46 6 25 3 84 45 22 92 99 52 74 58 71 15 51 1 46 65 1 80 47 46 90 94 32 44 81 96 65 13 55 55 3 80 45 65 96 93 18 8 99 27 21
0 100
7 53 5 80 78 6 7 80 42 82 74 3 30 17 97 41 36 19 70 14 10 75 85 24 41 75 84 45 91 20 55 88 70 28 37 30 75 12 83 36 10 15 26 37 59 89 3 36 43 42 6 19 87 57 38 80 19 75 22 73 20 74 99 61 33 65 96 11 47 37 44 32 0 58 94 56 7 86 43 43 43 5 5 84 50 42 93 69 32 55 14 73 17 2 53 11 74 38 52 55 96 52 50 30 75 65 15 20 56 7 40 91 57 39 87 14 0 93 86 49 91 19 89 68 68 97 62 91 75 46 43 75 18 68 74 99 51 58 18 75 34 69 12 39 46 98 12 62 81 96 26 66 32 50 75 77 80 54 7 20 96 77 71 99 44 44 63 91 42 93 45 17 20 41 80 12 93 35 62 28 79 82 0 42 38 79 70 1 42 70 82 85 51 37 73 3 89 8 75 57
0 100
40 21 3 75 48 87 55 66 72 18 97 88 99 32 78 62 51 56 28 53 15 44 23 42 63 89 0 61 77 45 32 32 77 17 72 80 2 16 28 54 0 36 0 92 19 67 38 17 1 85 55 76 37 25 75 62 93 92 43 79 44 6 99 37 65 60 66 23 2 82 16 50 20 88 44 9 28 42 68 96 69 6 64 47 33 82 93 63 27 23 91 18 80 73 45 14 75 0 92 25 60 33 29 18 45 98 45 67 33 22 92 43 29 26 6 93 92 4 48 78 92 62 78 72 63 22 92 44 28 91 27 33 53 51 4 67 45 96 72 86 40 13 10 62 72 6 36 35 48 13 98 6 93 10 16 6 80 48 22 2 42 97 76 31 53 16 75 58 10 34 63 27 47 91 12 66 66 47 89 92 46 6 41 15 97 28 13 25 54 20 81 97 19 89 80 30 10 23 8 33
0 100
29 88 8 22 50 69 73 34 35 29 30 1 85 13 45 10 61 8 97 55 60 74 58 97 93 74 20 67 24 28 2 32 40 49 59 57 63 50 41 70 19 23 68 6 66 70 40 57 1 25 65 99 54 38 1 57 84 87 85 51 89 96 38 28 43 71 84 81 88 84 89 85 44 92 35 12 54 85 60 76 11 4 47 77 70 54 63 1 13 82 56 71 9 29 59 47 12 97 68 41 56 89 89 65 46 48 22 28 11 57 78 80 76 69 67 42 56 39 64 56 78 9 51 70 49 83 68 1 6 88 76 75 49 73 4 81 25 12 72 1 97 3 15 83 69 87 32 73 8 89 77 26 98 43 9 68 99 81 45 40 30 76 69 33 89 93 31 91 87 95 46 2 52 65 17 49 24 56 22 53 31 15 94 33 91 51 65 84 37 43 54 46 66 41 94 14 52 84 52 70
0 100
41 35 62 8 54 28 13 71 7 77 36 99 42 56 82 94 80 66 3 6 69 62 18 20 94 40 93 83 26 55 15 18 32 60 22 25 47 9 22 89 43 58 2 30 40 11 9 54 40 12 43 95 31 96 22 93 88 49 46 54 19 24 19 4 98 14 24 46 50 28 68 5 75 30 27 8 18 81 29 93 6 57 42 44 58 27 52 12 13 3 23 85 19 22 85 49 78 47 18 18 38 48 42 66 24 86 84 97 31 36 26 99 53 25 35 1 45 3 59 83 33 99 32 14 49 41 58 26 35 62 37 70 90 73 35 35 61 2 47 52 77 84 21 18 74 11 86 6 69 86 42 33 99 25 51 44 54 81 27 37 37 37 37 92 58 37 59 70 83 64 74 27 95 90 3 26 28 50 1 12 58 61 96 35 39 15 47 48 94 1 32 47 84 27 23 94 60 64 7 1
0 100
95 0 86 70 94 94 31 89 79 66 64 51 89 73 27 2 35 5 32 81 5 18 37 10 81 99 54 64 93 70 11 7 4 24 23 90 97 61 99 13 76 89 85 16 66 17 81 95 90 84 12 40 83 34 92 72 89 49 59 30 0 74 71 78 3 24 46 33 65 33 46 23 21 13 60 15 56 2 10 13 6 45 22 92 49 96 18 26 69 20 61 87 79 2 73 14 14 7 52 97 53 35 43 65 24 7 91 69 97 91 86 81 29 34 23 15 46 19 94 28 92 60 2 97 70 7 59 33 67 76 35 21 44 67 67 90 82 11 38 5 49 80 88 16 37 95 60 75 95 71 81 1 95 75 64 98 6 29 10 53 78 7 60 1 4 77 99 45 80 24 99 69 16 89 76 41 22 87 43 4 79 70 50 8 45 74 35 51 17 98 37 75 40 39 79 83 13 33 8 88
0 100
3 96 81 68 19 3 15 37 35 6 81 60 17 38 7 78 59 41 5 9 23 64 53 93 93 56 21 66 28 2 25 8 80 78 8 24 72 23 17 95 71 69 16 82 54 45 82 90 40 80 36 58 1 53 66 77 98 81 77 90 11 76 14 28 33 57 51 29 14 13 19 43 27 1 5 4 44 94 70 15 45 86 23 53 35 19 70 75 76 78 54 27 65 23 24 69 99 36 22 96 74 57 85 61 47 55 44 45 16 90 0 25 69 8 13 0 95 86 80 86 37 45 80 15 80 77 19 53 35 31 54 69 61 18 65 50 60 19 56 19 94 38 82 57 80 42 50 80 95 28 44 60 87 0 23 95 90 82 93 22 81 73 97 89 61 81 46 91 90 11 80 10 14 99 91 26 37 84 2 54 85 81 88 62 46 20 67 1 75 8 20 96 99 35 16 44 25 11 5 65
0 100
57 69 33 75 47 66 86 61 20 39 74 45 2 84 37 99 84 10 91 31 52 63 54 59 76 98 4 59 25 0 85 82 13 4 29 83 42 18 85 90 57 31 19 71 74 93 75 4 88 80 60 94 36 16 73 12 10 82 11 59 50 82 0 6 11 94 6 23 83 66 45 62 54 90 58 31 15 99 33 81 82 38 80 87 76 68 35 63 99 26 40 53 81 57 95 57 20 54 22 20 17 29 72 33 90 62 25 87 86 18 80 56 14 30 93 91 93 41 61 67 47 39 42 68 65 90 43 33 72 2 60 72 99 2 54 97 80 89 98 33 66 15 48 66 16 78 51 57 13 81 40 20 69 68 22 74 83 47 44 86 2 37 10 66 53 22 12 70 77 64 5 23 51 55 39 33 66 59 55 30 10 47 55 84 36 77 88 15 88 66 35 3 4 35 57 66 39 65 68 64
0 100
18 40 54 41 71 48 92 13 20 2 92 22 30 26 76 99 29 61 65 48 18 79 73 58 31 45 34 33 32 15 36 75 27 58 35 85 32 98 29 52 27 49 77 76 7 85 62 27 20 86 6 89 36 20 73 88 92 53 46 76 60 2 95 72 3 79 86 62 99 22 63 12 21 73 86 7 50 90 60 95 34 35 78 57 68 17 66 82 6 27 56 8 22 13 57 85 32 53 4 3 6 60 45 50 71 9 30 93 79 18 75 54 8 73 28 49 75 60 5 73 34 58 95 55 80 63 84 11 1 73 84 0 61 75 28 34 62 50 37 33 88 79 13 17 10 54 63 88 11 22 7 76 36 65 36 63 30 61 96 95 14 34 47 59 58 6 2 15 51 48 74 2 15 82 38 90 1 75 83 84 43 93 75 73 99 33 17 91 2 71 18 87 78 44 76 42 41 83 34 37
1 100
49 22 30 79 24 58 52 12 96 44 11 34 12 52 20 6 79 83 80 74 22 79 62 28 20 19 80 77 63 93 6 84 79 18 94 65 23 34 47 77 47 91 14 40 86 61 32 76 22 89 89 73 0 29 93 61 8 12 84 92 7 47 49 96 48 59 27 88 33 98 31 40 78 11 93 46 64 37 60 43 5 58 26 33 7 80 83 82 92 51 34 60 5 48 33 97 93 24 50 19 76 83 92 89 47 7 52 5 76 41 96 88 24 65 8 24 44 14 56 83 91 75 61 96 98 33 84 86 41 75 64 85 94 2 37 29 14 87 72 24 11 28 82 10 20 82 26 89 86 18 43 33 64 54 4 59 74 6 29 59 56 96 51 77 8 2 83 29 38 87 64 49 96 34 13 82 75 62 22 68 44 3 99 45 11 0 88 90 57 61 82 69 6 81 3 27 96 70 67 7
0 100
92 58 12 17 81 35 78 78 98 30 20 62 67 41 97 36 32 7 72 13 43 31 66 57 94 65 38 0 62 19 72 12 28 80 77 60 4 44 86 93 26 36 64 79 17 79 93 89 4 59 90 33 61 31 67 50 56 86 44 56 52 12 50 79 43 32 39 37 81 40 88 12 42 71 18 53 1 27 47 72 66 94 25 32 45 56 42 49 86 40 67 99 36 24 32 71 70 42 64 97 82 89 38 41 15 22 11 61 36 42 3 17 28 17 57 15 22 85 90 58 20 10 99 8 75 64 66 49 96 32 66 50 30 80 14 80 86 16 2 77 35 15 43 22 65 52 86 95 92 47 68 31 10 91 12 29 51 43 77 96 83 14 49 45 33 53 2 66 34 60 12 84 32 91 23 74 14 50 48 23 5 30 9 22 69 53 96 4 88 57 53 47 90 18 60 42 61 5 73 65
0 100
19 7 22 23 87 50 36 26 47 64 57 54 76 14 91 86 69 70 79 72 83 22 3 47 66 30 33 88 63 44 40 64 52 71 72 24 59 54 2 10 64 54 33 49 48 91 80 60 30 79 65 14 74 43 76 32 82 72 58 17 96 8 5 41 48 73 31 65 11 25 14 86 44 70 50 23 25 86 7 54 12 8 19 35 42 74 67 0 68 7 62 16 30 69 39 41 16 86 78 75 23 63 47 98 56 76 98 48 61 50 10 26 71 52 97 27 84 29 18 60 66 22 75 94 18 78 22 65 87 78 4 94 35 30 46 5 53 30 89 82 23 92 26 59 88 38 24 94 92 89 12 89 16 31 69 78 65 97 57 11 23 24 51 11 4 92 25 37 30 41 85 22 61 59 79 12 72 63 53 63 80 82 39 86 91 9 57 91 44 23 70 86 68 23 79 8 82 10 73 89
1 100
51 11 64 91 50 61 0 70 33 53 41 55 94 21 30 26 74 54 25 12 10 23 40 83 28 77 1 36 60 35 48 89 62 82 68 45 32 89 70 58 12 59 26 68 73 93 30 78 19 79 87 3 10 76 87 81 94 30 84 67 54 99 83 43 0 2 34 10 56 43 28 61 60 75 56 84 36 52 30 94 63 62 36 62 78 84 62 49 17 43 57 70 57 4 38 41 92 76 76 15 72 27 59 50 75 82 89 32 54 32 37 96 39 25 54 55 90 96 14 80 57 81 7 81 92 0 93 36 64 46 84 19 74 95 46 90 94 79 78 63 10 28 51 43 23 56 66 34 83 66 30 57 95 21 41 6 83 92 3 70 17 44 75 29 85 35 61 29 54 67 52 19 19 66 56 88 4 86 89 12 55 82 99 81 59 48 87 18 7 54 51 80 8 30 55 27 48 3 71 64
0 100
17 74 17 7 46 57 45 82 80 88 44 7 0 80 43 20 19 56 18 38 41 66 71 66 84 72 44 75 89 4 89 89 77 31 64 87 82 78 8 70 18 23 65 56 44 37 60 38 6 69 47 32 54 55 39 17 20 78 50 63 77 66 50 55 72 53 88 30 99 18 96 70 42 96 31 37 11 39 41 62 0 89 29 7 46 8 50 32 28 8 76 37 57 18 71 93 33 83 53 45 1 15 62 62 94 70 31 90 59 95 72 89 14 24 72 49 85 65 46 46 44 99 8 69 99 47 86 33 46 22 17 24 76 63 19 39 5 42 2 6 25 25 40 9 83 23 0 37 17 60 12 28 13 19 64 49 25 95 2 12 5 77 16 57 20 87 57 99 79 80 62 14 72 34 89 83 44 93 12 38 75 29 20 95 42 89 8 23 88 22 50 61 52 69 76 56 70 61 58 93
1 100
18 37 30 98 70 0 44 24 69 33 90 85 76 23 96 92 19 38 10 70 17 27 77 17 81 1 34 58 45 77 74 65 69 60 98 85 4 82 45 15 75 46 32 9 97 52 28 66 62 62 45 48 80 29 34 59 86 85 9 9 51 0 76 38 8 15 43 49 87 59 86 48 59 64 95 49 99 48 75 47 96 3 63 54 88 38 51 49 67 78 11 7 47 12 11 21 19 51 18 25 13 65 13 4 45 12 34 5 66 84 93 40 1 4 85 19 2 77 55 26 11 90 12 96 21 56 86 87 57 66 71 45 36 55 7 15 27 87 62 27 18 38 75 12 31 30 31 34 61 75 60 41 75 65 47 99 94 16 65 77 46 71 75 13 91 50 44 19 3 7 55 19 37 18 87 54 96 52 22 14 39 91 88 78 64 8 86 4 4 71 13 14 28 17 92 67 88 89 41 36
0 100
42 91 38 71 78 76 42 19 21 38 85 74 23 96 53 84 23 77 8 58 57 56 41 5 49 35 69 1 51 75 98 17 51 10 66 5 11 52 32 22 47 4 25 66 8 15 20 13 31 44 24 27 99 55 64 15 58 50 89 13 14 80 91 85 24 60 22 79 67 96 8 13 8 1 24 52 34 26 25 1 16 87 13 70 42 12 96 7 1 84 22 7 41 92 80 61 25 28 16 55 78 94 85 36 67 2 82 26 64 57 55 80 51 9 90 99 86 87 39 98 67 85 4 39 25 12 52 35 2 62 72 43 99 56 46 14 27 70 40 61 77 81 7 28 36 18 43 48 56 29 20 80 23 13 7 39 12 79 16 81 72 35 50 45 14 63 10 9 70 52 97 4 12 96 84 79 37 94 49 59 45 55 45 57 62 33 47 77 25 56 25 53 81 25 65 37 68 19 63 63
1 100
78 78 30 82 70 63 61 91 97 59 13 9 24 38 84 66 34 23 58 18 66 41 17 24 97 99 45 69 44 60 77 75 40 52 50 65 84 54 13 92 59 26 37 86 70 50 8 89 38 73 62 75 23 7 25 67 23 73 68 9 56 98 44 33 99 46 85 59 65 36 44 36 38 37 7 41 37 76 11 26 45 17 61 84 60 17 62 39 86 64 9 44 3 64 74 61 13 71 89 28 62 85 62 44 63 27 58 94 77 85 72 67 32 94 0 27 53 41 89 8 34 45 41 27 80 61 58 10 34 91 59 41 98 98 48 68 52 82 36 77 79 58 11 38 8 53 79 54 39 82 49 56 75 86 68 22 71 62 87 10 10 9 41 73 1 27 12 72 78 95 8 84 0 84 35 75 92 81 78 44 68 1 18 71 36 61 55 37 58 1 80 54 8 33 4 81 21 2 33 88
0 100
31 98 44 64 88 93 79 74 90 39 52 1 74 65 68 9 53 38 39 51 59 34 77 65 31 13 76 45 52 0 29 46 55 98 85 43 93 72 65 58 62 72 41 84 49 96 20 68 57 2 78 42 86 13 13 2 78 3 38 91 63 65 94 48 78 52 99 95 1 51 23 32 13 15 91 24 68 21 26 17 26 42 32 42 47 91 39 70 82 18 79 58 71 22 48 59 40 86 12 95 55 1 68 49 48 22 73 53 86 68 2 90 98 28 55 62 56 67 55 38 37 35 7 47 54 93 49 29 98 15 56 96 94 37 92 42 23 60 50 0 56 44 8 33 4 56 69 26 73 93 85 54 18 57 86 46 4 93 34 94 40 92 17 72 5 91 90 0 45 91 5 0 80 85 62 42 33 87 96 82 84 51 68 22 8 38 0 77 74 96 22 34 40 98 88 70 89 17 69 64
0 100
70 65 79 54 57 84 51 99 91 32 36 96 40 79 65 59 33 12 62 69 98 5 77 83 73 90 75 32 7 93 28 23 47 15 46 45 48 70 55 77 74 39 10 28 24 43 42 67 59 31 28 25 7 34 49 3 22 75 75 75 8 11 87 74 93 36 11 75 44 43 73 38 81 30 50 94 90 59 1 87 2 91 60 80 29 21 8 98 35 65 25 85 58 45 74 31 47 70 3 89 89 79 19 1 18 93 52 27 85 97 48 44 30 60 23 22 62 88 10 33 21 53 75 3 73 81 15 1 24 58 78 95 23 1 95 3 79 77 81 69 75 9 76 5 69 80 30 21 0 27 86 91 59 94 38 65 22 18 90 46 6 30 28 35 42 65 64 96 25 5 81 33 16 22 98 96 83 16 71 34 55 43 42 4 53 17 15 72 11 77 17 73 80 41 39 23 69 91 62 35
0 100
39 20 89 86 92 55 74 58 55 0 80 64 31 40 21 56 98 39 26 54 73 59 3 45 52 20 43 59 55 22 83 98 25 83 61 41 46 68 15 95 53 34 30 96 82 4 71 26 27 35 32 82 47 80 46 28 17 68 2 86 13 54 90 13 97 50 87 87 90 63 40 25 39 67 14 37 55 54 51 1 10 16 16 85 40 30 45 89 41 6 50 88 39 85 30 37 29 31 31 23 36 41 40 66 1 27 18 22 45 52 30 3 10 42 31 67 57 47 51 52 63 80 69 31 32 21 99 87 15 33 85 17 51 20 97 93 39 25 94 62 68 45 25 93 95 64 87 13 57 93 72 56 31 55 97 72 2 98 83 53 86 12 88 87 63 20 89 28 59 7 27 88 89 55 9 88 73 29 35 64 7 52 45 30 76 90 30 48 92 51 21 94 21 41 42 1 2 11 97 37
0 100
83 33 41 45 4 36 56 52 16 47 89 59 6 38 82 14 50 9 14 25 24 85 20 71 76 95 13 36 60 93 92 56 2 78 33 18 19 73 68 57 18 71 2 60 56 14 15 56 97 78 44 60 48 18 78 89 61 98 55 64 8 24 58 15 28 93 12 52 69 50 57 34 13 98 56 38 74 29 27 96 81 63 85 47 28 63 65 32 47 44 5 27 27 71 83 83 83 76 76 29 9 47 89 30 44 16 65 47 82 61 29 56 31 39 50 62 23 78 16 14 77 6 6 66 74 47 79 97 99 39 76 61 26 61 11 30 80 28 21 52 4 65 50 24 68 83 75 69 45 34 15 47 74 22 24 77 24 65 39 19 11 7 87 45 33 90 36 38 24 37 58 91 4 40 37 82 29 40 51 92 84 21 48 40 65 86 21 3 12 20 48 83 35 91 88 90 41 38 48 58
0 100
32 4 74 42 49 37 78 4 75 52 54 30 49 79 59 45 5 26 93 97 21 79 55 95 49 95 94 68 56 56 9 40 68 47 60 67 51 80 45 48 97 59 53 81 61 80 28 7 9 11 66 79 40 67 23 81 9 17 82 54 53 78 92 15 74 63 89 70 40 73 37 8 44 76 86 84 5 90 48 32 78 11 96 25 76 23 87 48 58 67 39 84 26 25 64 30 54 83 90 17 45 31 73 9 79 57 30 99 38 40 4 97 35 87 21 21 92 69 16 80 76 16 55 6 64 42 84 20 61 52 72 91 55 19 32 25 94 44 44 40 75 45 92 16 67 56 21 9 57 79 32 79 55 57 44 14 81 27 7 99 13 68 75 83 66 62 49 26 57 67 96 91 55 44 86 38 52 87 93 16 23 84 13 11 89 19 88 18 49 92 94 2 33 97 35 68 83 5 84 98
1 100
59 96 92 89 88 22 15 77 79 67 45 82 58 53 57 15 19 53 41 11 87 36 3 25 51 92 12 24 58 15 88 75 15 53 38 40 1 91 62 35 58 58 7 42 91 69 13 41 49 29 51 35 48 28 35 20 80 83 63 86 6 28 69 50 92 80 10 13 76 75 63 79 19 7 79 15 18 22 93 97 27 51 84 82 75 21 34 29 0 62 93 62 14 21 41 53 30 96 81 0 66 59 57 33 19 21 61 55 24 55 23 41 63 60 78 96 87 92 97 72 47 58 90 91 45 99 88 33 45 19 14 63 71 42 40 18 68 96 87 39 75 69 28 88 5 23 68 66 81 74 26 91 77 31 51 9 57 52 93 72 43 52 66 67 97 3 29 45 43 60 75 14 86 42 83 12 65 99 85 16 80 67 23 67 81 69 74 17 77 21 46 72 84 65 7 53 23 86 73 47
0 100
2 46 75 62 43 15 36 64 37 55 79 91 70 31 56 74 32 65 68 66 70 93 34 21 51 83 88 42 94 9 22 64 67 47 13 99 52 57 75 44 41 94 14 1 84 92 62 11 94 88 43 63 3 12 54 6 16 77 39 61 18 56 28 62 78 45 14 97 1 50 71 63 2 93 98 33 5 88 63 2 51 41 11 41 84 68 38 75 3 97 61 66 84 77 47 82 35 20 20 63 85 55 71 43 61 47 71 75 46 84 18 62 22 16 13 82 50 81 73 67 94 87 64 6 93 97 79 18 84 28 48 11 32 45 59 28 99 98 53 42 58 73 71 16 90 2 80 21 57 23 40 65 40 52 36 69 43 87 94 79 65 54 88 3 67 29 60 70 62 35 74 80 97 25 12 68 53 82 65 89 24 74 12 24 16 15 43 37 59 68 88 33 25 88 38 51 16 83 7 95
0 100
76 38 16 37 30 6 37 60 16 3 27 79 54 16 30 28 77 80 17 9 28 58 91 68 27 69 20 48 29 9 76 92 90 1 70 84 58 16 95 18 13 52 50 64 24 33 73 98 19 51 74 50 4 70 83 75 96 15 54 9 54 67 58 54 54 4 13 29 71 74 92 54 50 84 79 17 28 3 83 39 31 82 46 25 85 10 3 90 19 57 14 63 23 70 30 91 26 2 71 62 61 56 27 89 44 83 36 97 2 72 43 2 87 92 46 88 39 50 97 34 97 18 23 43 14 26 50 57 77 69 21 14 44 19 20 90 33 52 43 16 76 41 18 28 41 47 17 89 21 2 68 35 96 64 14 5 28 79 68 79 83 67 87 77 14 64 5 48 27 30 40 6 58 24 3 64 46 38 1 80 88 78 13 32 83 13 57 95 21 96 93 93 29 19 40 58 95 70 41 65
0 100
8 2 51 94 1 39 38 76 51 79 57 22 17 50 33 33 5 82 51 8 29 43 77 9 43 67 15 96 8 62 76 60 25 6 46 82 12 47 23 44 69 0 91 30 4 27 23 26 19 79 26 11 67 61 6 35 27 48 20 26 3 78 16 34 68 58 88 47 66 16 84 90 4 4 80 53 85 0 6 85 15 74 76 15 39 90 39 88 13 39 94 83 15 97 42 3 87 3 59 99 79 69 23 86 2 41 79 94 9 92 97 2 39 56 31 85 20 4 31 46 36 60 51 86 93 72 84 24 95 85 5 89 36 55 49 97 34 64 99 70 68 74 22 81 70 83 52 68 91 87 71 57 64 70 81 1 53 99 75 59 3 54 40 82 54 47 80 32 64 29 73 63 75 6 67 54 56 95 3 38 8 93 66 25 79 89 25 50 32 11 51 98 39 72 13 4 42 80 99 74
0 100
78 87 44 42 49 60 95 78 32 75 46 69 74 69 93 25 48 93 56 48 62 77 47 50 79 14 50 65 26 48 33 95 32 93 64 58 32 3 62 80 78 97 40 18 36 22 43 83 88 73 45 87 31 25 24 14 58 76 99 90 18 22 99 40 17 97 31 0 70 74 71 87 55 70 17 55 85 38 35 25 5 53 19 76 7 72 80 67 63 46 13 51 19 9 83 54 79 30 9 89 35 7 68 75 15 5 17 69 22 78 5 43 51 71 92 70 2 8 65 10 58 0 56 31 45 77 13 41 20 61 15 19 5 54 83 25 85 8 41 1 36 9 70 23 70 21 81 53 6 87 72 69 61 7 79 81 63 6 63 67 24 96 9 82 83 86 95 44 99 51 27 64 68 65 24 62 38 52 80 31 83 58 49 77 85 71 84 91 91 42 30 36 20 25 90 36 70 33 85 96
1 100
91 62 74 26 49 92 85 96 65 6 74 37 49 42 63 13 29 44 52 68 63 48 23 93 51 13 5 22 78 57 82 78 4 65 48 9 21 84 11 86 73 93 31 49 21 51 58 13 15 4 76 58 17 3 38 82 74 8 53 65 41 1 56 82 26 60 4 73 33 30 53 59 83 77 77 56 95 78 11 41 85 64 41 57 20 96 97 12 75 59 60 89 77 46 69 78 16 43 12 88 77 58 36 6 59 86 51 68 97 35 89 27 72 89 99 90 4 75 80 67 3 99 44 67 10 68 24 52 12 23 26 49 61 94 95 58 21 21 7 63 11 91 73 98 95 7 77 96 36 18 67 0 12 36 18 99 60 3 51 29 39 70 93 64 45 94 83 36 50 33 52 35 9 26 60 42 53 56 78 41 95 19 32 90 17 72 83 31 3 84 3 96 94 37 51 86 47 27 6 64
1 100
43 64 82 9 2 67 52 75 66 25 91 59 33 8 73 57 97 91 6 31 47 94 83 95 85 61 89 4 31 36 2 0 71 88 31 82 65 69 81 40 49 66 55 6 97 70 16 85 5 10 56 48 58 37 64 54 67 91 55 83 74 67 45 61 26 37 43 81 27 97 20 42 74 5 96 15 76 45 78 34 49 67 58 17 43 10 1 26 63 7 58 35 53 8 16 66 60 70 47 53 37 37 94 71 94 78 71 7 16 20 49 13 84 46 24 56 15 10 98 39 44 34 73 80 13 34 23 58 41 79 19 56 90 48 20 71 69 62 34 47 85 75 17 91 57 72 3 63 66 20 54 44 7 66 83 60 40 26 78 74 4 70 61 18 78 50 17 89 17 29 33 27 57 13 78 11 53 38 6 58 59 9 32 6 22 98 35 5 52 24 20 49 43 63 57 56 40 86 90 66
0 100
79 63 6 14 4 91 48 41 93 86 22 43 34 25 61 18 35 37 84 78 75 96 55 83 35 57 39 96 1 20 95 36 78 10 29 35 9 41 1 26 18 82 91 47 71 45 48 90 78 31 87 75 6 58 10 20 91 27 78 11 74 75 86 75 47 17 18 32 8 53 12 72 24 52 56 43 38 58 42 51 73 6 79 95 23 73 90 71 43 76 74 17 29 42 28 75 57 21 49 78 44 96 1 88 25 65 34 48 83 96 90 60 59 97 58 53 17 66 20 58 67 88 62 60 58 18 34 57 51 67 15 39 28 71 39 92 11 78 69 95 49 47 38 26 41 50 15 36 87 63 54 18 71 19 1 28 12 64 62 32 78 59 15 0 66 63 76 71 91 64 60 44 12 16 98 76 4 73 60 53 90 30 83 92 37 7 26 3 97 7 37 24 51 35 31 43 93 64 72 81
1 100
83 1 64 6 33 87 11 61 28 43 95 22 77 92 61 99 89 52 95 29 93 79 33 13 3 79 69 26 0 46 96 95 96 37 61 35 84 52 21 53 62 68 61 38 42 29 49 76 68 38 59 21 45 31 6 39 60 66 36 90 74 91 2 56 44 79 71 95 50 16 89 14 99 64 7 26 71 44 69 22 57 47 89 79 48 61 85 36 98 64 63 92 8 43 30 99 91 95 54 87 63 18 14 7 17 4 38 3 28 35 77 81 12 98 18 63 19 10 40 27 25 81 4 7 70 78 28 55 94 99 55 95 10 28 88 1 14 29 95 8 61 97 79 82 94 7 52 90 30 10 48 2 49 89 96 53 49 31 48 46 9 1 33 1 72 99 18 67 94 65 28 37 66 21 6 9 95 56 35 94 53 50 54 96 70 76 53 36 10 74 2 43 47 32 37 66 99 94 51 33
0 100
51 33 45 0 71 72 79 28 11 61 94 59 42 77 69 77 50 31 63 92 83 10 76 96 56 1 44 68 51 11 66 75 64 85 61 92 76 27 2 42 25 40 28 27 39 12 50 15 30 45 0 63 27 55 49 36 87 99 53 53 10 77 19 90 93 37 89 66 61 88 84 57 84 83 8 44 56 36 48 69 21 84 52 90 41 54 3 73 3 46 53 96 6 9 9 35 29 33 9 5 53 91 83 71 41 21 34 62 77 86 76 57 73 27 76 52 43 34 86 53 20 55 51 82 11 51 44 33 11 64 89 84 60 42 26 83 94 42 57 58 53 52 70 37 89 48 4 7 48 28 8 51 90 67 62 37 86 77 82 75 30 99 96 16 29 74 96 49 77 72 21 72 89 3 21 89 7 5 6 70 0 18 83 44 73 20 94 20 70 41 92 64 91 75 80 97 32 92 81 74
1 100
51 83 62 31 15 25 70 83 30 80 71 72 1 85 90 54 42 99 90 0 86 75 51 26 38 63 35 52 60 86 56 96 26 6 93 32 49 3 92 65 81 90 52 73 92 26 39 59 45 50 59 89 14 15 53 87 41 14 80 41 25 71 53 47 24 7 80 79 71 19 8 35 30 24 25 29 31 86 39 24 76 5 65 37 26 81 14 32 95 25 94 4 8 73 83 53 24 79 65 21 16 30 39 28 61 65 57 34 20 80 73 65 77 26 49 5 74 92 58 12 66 56 86 22 9 28 98 73 64 83 49 36 85 17 1 44 6 75 11 76 49 2 34 35 26 55 0 66 72 94 62 19 74 43 46 99 55 56 60 16 94 19 69 53 62 97 33 9 79 2 54 45 92 98 46 94 98 21 93 16 26 18 16 14 93 39 12 70 79 17 31 83 7 8 6 49 60 34 69 57
0 100
36 98 96 61 94 25 47 65 18 37 93 49 33 32 82 65 0 81 35 61 23 34 3 31 9 27 93 32 66 64 19 60 48 35 21 51 13 83 0 14 10 76 84 71 59 74 81 59 28 6 27 92 47 61 38 12 87 39 96 0 22 61 65 16 48 81 41 0 66 39 50 37 91 54 82 78 67 78 88 1 20 17 12 49 15 17 33 84 12 23 69 59 56 12 71 60 5 57 22 1 90 9 37 56 94 30 83 60 58 99 3 81 13 26 29 39 54 58 76 76 28 30 90 0 84 22 96 53 59 41 30 12 30 22 73 64 25 47 56 42 99 63 35 34 64 62 50 46 65 39 5 14 62 64 39 49 63 90 99 81 72 30 3 74 2 81 31 6 51 26 83 30 93 79 81 62 43 0 23 33 0 0 73 62 73 37 43 91 23 36 46 77 11 43 4 57 14 36 91 40
1 100
61 28 71 66 88 95 9 93 93 85 77 61 14 51 48 87 52 64 42 95 9 6 32 11 66 70 79 57 79 69 98 23 44 87 74 28 74 78 15 73 88 47 16 96 53 81 92 60 38 15 23 89 50 68 33 97 10 73 5 12 60 2 45 73 78 95 65 30 52 76 33 22 87 35 5 7 17 52 84 95 70 56 21 90 45 4 83 14 24 96 42 16 10 62 19 99 98 54 79 51 50 22 8 3 78 38 19 35 64 40 75 80 21 51 82 42 10 78 5 11 24 62 39 93 65 10 67 73 5 69 45 98 79 14 40 69 4 88 13 83 56 54 33 96 33 77 11 18 42 87 84 55 56 40 4 44 75 17 88 58 79 64 6 41 63 45 2 79 9 99 26 95 80 30 31 7 38 77 12 79 90 17 37 8 26 9 58 74 81 62 25 5 37 38 6 76 45 43 8 24
1 100
66 63 80 90 27 65 17 82 24 59 57 59 32 70 97 53 4 98 78 87 44 74 53 23 14 25 87 17 44 26 83 73 99 63 52 8 49 23 85 56 22 96 23 95 53 96 84 35 67 68 40 92 4 24 86 55 57 20 67 44 5 0 35 61 25 74 0 95 49 77 41 39 51 94 71 18 39 48 40 64 71 9 32 81 28 70 52 90 41 16 51 67 19 26 82 61 81 68 54 5 38 60 50 17 3 28 19 16 94 42 75 55 48 97 18 44 78 75 14 69 9 81 43 71 56 89 56 33 52 17 68 97 35 21 50 80 90 94 66 0 37 9 81 87 46 77 85 83 21 62 38 26 13 49 43 75 75 4 72 35 7 5 61 33 13 46 27 55 25 47 83 16 14 19 22 76 26 88 66 82 91 67 98 86 37 0 57 76 43 95 54 24 38 55 67 21 30 61 1 26
0 100
9 66 49 34 17 92 88 17 31 79 0 32 97 98 80 23 83 66 0 97 89 76 3 55 33 97 43 94 21 48 77 78 95 56 45 58 56 89 45 46 77 92 87 71 55 2 53 7 23 62 21 8 44 67 82 9 60 86 40 83 58 94 57 13 31 94 56 27 17 41 82 61 31 66 95 32 94 64 12 51 47 94 4 41 52 68 4 50 38 81 93 88 97 72 85 56 68 2 61 68 63 82 74 86 59 11 23 95 14 33 2 64 33 25 73 75 90 5 80 44 21 81 10 24 1 41 24 30 87 33 91 21 3 99 63 64 31 58 18 91 77 38 2 29 86 37 59 23 14 60 72 26 21 30 61 49 37 3 30 61 61 13 42 99 22 51 46 61 69 62 71 21 74 0 86 19 5 7 27 87 59 79 98 7 47 69 41 39 84 64 38 88 5 12 70 97 47 83 10 1
0 100
76 45 88 36 55 27 76 55 6 97 94 74 66 34 83 87 97 47 89 0 11 90 24 68 13 75 42 47 87 20 90 97 77 81 30 8 59 77 89 44 64 17 25 29 4 86 12 77 39 54 8 78 25 15 14 32 96 69 48 65 49 55 90 17 58 51 85 83 54 77 78 26 67 17 94 31 2 65 29 32 84 55 96 88 43 18 43 35 11 0 91 76 14 8 18 63 1 62 85 89 85 37 24 9 2 50 95 20 29 6 76 79 23 8 74 4 94 80 65 43 10 45 63 96 83 70 94 43 31 92 75 4 75 18 73 40 87 98 47 95 23 16 23 11 40 96 7 2 54 14 19 96 50 5 72 52 68 63 15 4 6 95 9 9 89 47 76 58 62 97 8 26 69 39 34 90 98 11 56 40 8 64 35 67 34 5 4 88 55 7 53 68 49 65 91 71 12 59 13 76
0 100
15 3 52 16 43 21 96 20 33 42 14 18 51 22 55 47 30 94 48 94 29 3 55 56 18 35 35 21 58 58 67 87 78 83 10 31 83 8 26 1 57 41 83 15 29 81 72 10 14 42 58 88 59 89 81 90 19 64 0 91 80 52 46 12 16 27 15 41 77 79 2 2 38 15 61 60 87 96 29 99 82 91 10 78 40 75 99 58 89 16 53 59 96 87 38 94 79 78 72 85 30 95 21 37 1 36 95 89 61 44 97 69 22 6 98 55 97 8 39 8 15 50 38 61 57 87 2 85 7 66 69 69 76 80 69 71 28 51 35 2 20 43 68 20 4 44 59 4 14 59 6 51 22 33 72 40 27 55 67 9 59 98 68 1 43 33 17 56 80 83 44 78 52 82 47 56 19 35 59 76 90 12 96 62 96 46 73 17 89 22 62 19 64 27 66 89 42 69 73 82
0 100
33 51 80 50 27 4 70 45 62 99 86 18 34 85 19 77 43 41 56 3 11 41 55 28 18 13 19 84 59 60 47 75 65 22 86 67 26 40 72 77 85 79 82 25 2 76 76 26 57 66 61 82 81 16 92 21 14 40 52 10 81 4 12 46 57 71 57 70 97 30 30 56 70 78 95 52 79 48 73 13 1 42 44 11 91 2 54 1 73 48 98 68 59 52 26 71 31 97 21 1 66 83 5 63 26 95 75 53 70 50 68 82 59 21 17 24 94 10 47 27 12 60 35 17 26 55 74 61 71 4 64 55 23 71 43 52 60 17 59 42 92 59 74 52 43 80 2 96 6 6 86 65 26 39 17 48 80 90 85 92 73 98 98 32 97 24 18 72 30 68 75 84 83 43 61 6 38 50 34 14 91 80 27 12 35 10 96 74 50 56 36 67 58 7 70 39 0 29 39 2
0 100
90 81 77 52 42 94 52 32 9 71 88 47 14 49 14 87 93 17 28 66 23 28 56 98 24 96 35 66 61 78 88 58 78 60 48 6 88 45 0 16 96 5 44 48 49 85 7 60 12 27 47 97 33 93 34 44 1 95 49 75 54 49 28 0 99 64 3 87 33 20 76 72 37 81 85 66 69 9 98 41 42 6 37 96 22 97 56 48 15 90 11 91 24 95 87 10 27 97 91 5 92 37 20 35 39 76 44 59 69 51 29 59 61 14 90 70 72 75 38 64 43 24 57 27 60 92 90 64 66 65 98 37 68 51 80 19 98 46 98 9 97 66 84 16 1 0 33 37 67 21 83 41 41 57 54 22 22 48 98 51 35 56 79 6 49 10 53 71 58 92 61 29 80 36 22 49 11 21 69 74 34 99 75 66 25 71 72 35 9 7 64 92 48 19 82 28 5 47 22 35
0 100
99 46 70 13 30 87 22 60 7 29 17 27 69 89 26 94 22 29 10 62 69 22 66 84 36 29 1 90 52 17 13 34 60 88 26 45 63 17 0 56 33 44 81 78 47 16 57 35 76 24 72 54 52 59 85 4 82 84 72 68 1 32 70 0 91 59 87 80 53 23 66 86 46 7 91 57 37 97 62 25 64 26 33 86 71 0 72 42 94 58 15 92 30 10 73 47 21 7 59 13 95 68 53 88 65 8 97 19 82 17 37 68 14 95 13 49 26 92 38 82 88 46 0 66 48 89 28 70 69 4 55 85 38 63 55 17 26 46 83 35 84 56 96 27 84 67 65 73 24 63 64 77 93 58 59 63 28 96 41 33 81 20 46 35 31 54 78 85 51 86 5 94 85 87 48 68 58 35 89 41 71 88 78 43 35 75 87 42 47 81 21 23 19 10 43 99 4 63 27 43
0 100
3 14 8 8 45 2 87 46 31 34 40 99 93 95 57 61 90 50 51 46 58 98 46 62 31 35 80 37 12 11 8 10 28 57 1 8 7 5 30 57 70 27 31 83 37 93 91 67 28 99 17 6 37 34 21 50 6 68 3 52 16 30 10 5 61 70 4 43 45 19 96 38 15 71 50 7 61 91 39 7 93 94 59 49 2 92 19 16 5 69 59 43 52 35 63 8 18 0 24 98 83 73 9 53 24 71 53 44 42 20 64 33 50 17 33 14 54 57 36 45 86 10 82 39 69 66 32 64 33 77 29 54 92 98 74 91 50 87 66 33 54 11 87 27 32 61 39 59 5 75 24 1 6 21 74 7 44 27 12 26 89 46 41 87 11 1 72 44 53 5 69 26 48 4 44 47 15 65 64 12 89 99 99 92 3 23 93 71 7 62 24 72 72 47 77 15 42 52 63 9
0 100
56 54 32 70 91 36 91 34 45 32 77 25 24 51 4 89 5 50 74 77 90 77 31 22 64 71 52 39 22 68 97 85 45 94 94 71 34 39 42 87 0 46 61 34 38 13 81 42 97 21 7 55 3 20 69 52 52 51 21 22 49 74 1 94 26 76 65 11 32 38 10 61 19 15 57 12 77 44 80 25 62 23 61 94 63 52 11 9 81 77 4 83 97 52 23 93 54 52 32 13 33 54 11 34 17 4 92 30 8 54 4 49 16 74 6 41 15 85 68 11 83 50 23 35 86 57 33 9 68 16 51 83 85 36 10 10 84 59 53 79 55 35 17 57 77 11 98 90 18 77 41 55 41 89 95 48 33 53 86 36 62 81 42 26 89 69 14 81 66 70 7 97 26 80 43 95 64 11 61 55 63 71 42 95 41 73 55 24 57 20 48 2 80 68 1 99 48 98 13 7
0 100
4 82 88 98 20 16 32 17 13 65 55 67 43 56 97 11 26 74 29 68 97 94 25 38 38 69 57 75 94 45 2 9 54 31 70 98 67 65 26 9 62 21 68 69 17 31 76 4 11 67 65 19 69 15 49 82 10 98 55 95 69 73 78 44 56 33 81 91 88 10 20 64 51 2 29 5 56 26 8 21 75 26 70 80 25 5 65 63 73 66 60 16 12 7 81 3 25 89 74 10 41 36 77 10 26 75 49 43 48 20 65 37 26 24 53 87 91 11 54 10 12 67 66 4 74 79 63 3 91 70 66 11 53 0 32 96 73 7 70 47 71 20 45 82 86 14 74 68 62 31 29 73 66 99 36 49 12 88 56 82 93 28 98 52 23 67 58 5 2 34 84 53 32 23 17 8 20 32 44 5 0 53 70 56 31 76 71 37 92 29 0 60 25 36 41 98 42 83 49 57
0 100
67 69 9 18 42 41 92 8 2 35 89 80 68 70 45 17 66 98 45 23 38 60 68 15 44 8 55 14 66 29 89 38 23 46 23 12 77 48 64 89 27 65 37 67 87 29 71 83 96 15 12 43 28 78 73 57 37 5 37 66 83 79 86 9 65 44 82 1 95 8 52 79 0 4 79 41 50 85 14 88 44 25 15 25 9 67 0 9 49 3 16 40 34 93 77 37 93 20 89 60 58 10 58 63 67 92 20 6 2 13 13 53 33 56 87 4 38 96 15 14 9 44 77 17 82 47 66 25 38 30 42 45 98 44 25 99 42 78 7 35 67 0 89 79 56 80 83 72 40 1 30 88 54 95 88 92 79 85 57 77 27 24 82 60 93 57 62 34 33 27 87 37 56 78 14 77 42 88 64 84 74 8 65 94 43 75 71 9 64 99 7 17 54 32 23 10 28 39 89 52
0 100
65 42 67 25 27 68 79 99 70 63 16 1 73 95 16 32 18 1 57 6 32 10 75 92 21 36 60 43 53 56 27 16 41 52 1 11 88 14 49 63 42 62 77 51 69 27 10 84 42 28 51 40 28 12 78 49 61 12 81 0 51 13 66 67 9 19 55 40 25 16 53 38 36 70 65 68 35 89 31 27 60 41 81 40 21 90 53 26 13 42 61 26 68 30 43 85 16 24 44 29 26 6 31 19 58 74 54 96 51 3 78 54 75 65 97 13 67 73 74 85 5 11 72 99 49 91 72 87 35 70 46 60 7 31 1 67 54 45 53 50 80 77 0 45 30 2 56 73 71 79 36 15 73 52 2 38 63 74 5 92 27 99 89 90 84 32 35 98 57 78 54 36 5 33 35 73 58 20 22 80 7 26 61 85 32 16 48 87 94 18 80 96 41 93 0 50 84 46 45 51
1 100
54 46 27 92 56 50 98 76 3 21 0 41 35 93 94 72 39 7 29 20 5 12 38 2 45 51 34 44 99 92 89 11 45 29 14 97 70 11 54 96 21 66 61 40 56 85 77 10 52 47 6 61 29 41 80 48 44 51 71 61 66 29 71 17 65 2 89 92 39 8 81 35 48 90 32 70 54 23 23 39 24 29 43 48 36 30 89 97 20 78 56 56 64 99 55 14 13 10 27 6 2 95 37 16 88 68 19 16 54 12 97 39 64 36 86 84 73 70 16 8 7 33 52 6 25 2 38 16 87 16 1 11 29 4 36 76 79 99 20 12 46 40 14 71 20 20 24 14 16 81 1 74 24 32 42 36 50 13 57 61 62 37 73 5 44 81 40 12 47 76 98 41 73 48 49 8 97 83 59 42 37 41 22 7 53 79 43 15 75 16 16 1 42 69 3 6 49 28 94 75
0 100
37 0 72 74 98 76 90 57 97 22 39 62 64 93 79 21 25 67 79 25 99 71 68 76 88 81 34 86 8 57 27 7 47 60 57 92 22 19 86 39 97 83 72 38 98 27 78 63 92 36 17 72 22 14 22 36 60 40 89 15 43 12 38 19 80 62 17 1 95 21 68 59 38 97 65 99 58 66 57 33 54 24 7 38 57 55 93 62 78 37 76 39 66 0 74 62 43 39 12 93 60 82 49 86 69 58 58 62 11 17 71 44 96 12 27 81 70 73 60 32 6 34 41 11 55 14 23 58 19 32 83 16 80 74 72 21 99 68 10 39 92 34 63 79 93 54 38 78 33 28 11 98 66 20 96 14 85 7 88 39 86 94 55 69 72 48 82 33 53 15 9 6 56 93 31 61 54 19 23 76 12 63 0 22 25 49 33 45 43 78 47 71 26 8 32 44 4 24 45 54
0 100
6 79 4 98 92 83 22 24 70 67 11 38 94 16 62 85 33 63 97 51 92 57 0 69 39 55 56 84 94 91 6 52 62 92 76 50 27 62 8 48 21 49 75 90 48 0 61 75 88 31 75 81 36 61 5 55 52 42 79 32 33 22 54 71 54 8 54 21 69 93 5 67 10 86 48 56 91 41 11 19 84 15 24 13 28 20 4 0 88 52 95 29 66 52 33 98 19 53 89 31 67 11 46 16 65 69 70 44 92 20 76 87 53 41 82 88 49 68 7 80 88 72 33 88 66 81 16 81 79 53 43 38 0 95 18 80 10 64 42 8 16 45 42 5 9 70 2 49 7 81 1 11 29 53 53 61 60 75 44 85 23 37 88 63 52 98 25 74 31 4 16 38 69 43 39 27 85 53 98 39 86 89 0 62 34 49 28 37 82 46 13 27 73 31 1 9 8 35 10 14
167256