8
0 15
1 1 5 6 4 8 2 0
1 2 10 1 4 9 0 7
2 1 2 11
2 2 1 31
1 3 1 1 8 4 7 1
2 2 1 13
1 4 10 11 4 3 2 0
2 4 1 22
1 5 1 10 3 4 0 2
2 2 1 13
1 6 1 6 3 3 1 2
2 3 1 13
2 4 3 21
9
0 16
1 200 1 11 9 4 5 3
1 410 1 5 4 5 2 4
2 200 410 20
1 885 1 1 9 3 3 0
2 200 885 27
1 631 11 1 4 14 3 6
2 410 631 37
1 580 6 5 4 5 2 0
2 410 580 19
2 580 885 22
2 580 631 20
9
0 18
1 313 5 12 3 5 0 3
1 36 9 1 4 16 0 3
2 313 36 17
1 212 14 1 3 4 0 1
2 36 212 19
1 724 14 12 3 5 1 4
2 212 313 32
1 933 1 1 3 16 1 0
2 933 212 43
2 313 724 49
2 933 724 58
1 169 14 6 3 5 1 4
2 169 724 16
2 36 313 39
1 40 5 6 3 5 1 0
2 40 724 37
2 933 36 14
2 724 212 19
2 933 313 23
2 212 40 44
1 351 5 1 3 4 2 2
2 40 212 22
2 724 36 22
2 351 313 22
2 313 724 49
2 169 40 33
2 933 40 11
9
0 20
1 866 1 8 3 11 0 3
1 450 5 16 4 3 2 0
2 866 450 21
1 804 5 12 4 3 3 1
1 446 1 1 14 6 4 5
2 866 446 45
2 804 446 68
2 450 866 25
1 650 5 8 4 3 1 2
2 450 804 20
1 82 10 8 5 11 4 9
1 683 16 1 3 10 2 5
2 866 446 19
1 778 16 12 3 3 0 1
2 450 866 25
2 683 450 37
2 866 82 31
2 866 450 21
2 450 778 28
1 642 16 16 3 3 2 1
2 804 778 28
2 650 446 17
2 683 804 27
2 778 446 18
2 778 450 30
2 804 683 35
2 642 804 24
2 778 82 10
9
0 30
1 549 26 20 3 9 0 4
1 295 18 13 11 6 8 0
2 549 295 31
1 944 22 20 3 3 0 1
2 944 295 24
1 243 14 9 3 20 0 18
2 243 944 62
2 549 295 31
2 944 549 31
1 221 18 20 3 3 1 2
2 944 549 31
1 25 22 9 3 3 1 0
2 25 295 9
2 549 25 32
1 614 7 5 6 7 0 5
2 25 243 47
1 753 1 9 5 20 0 3
2 753 549 73
2 549 753 85
1 188 7 1 6 3 4 2
2 295 221 26
1 201 7 20 6 3 1 0
2 25 201 64
2 295 188 79
2 295 753 80
2 188 614 31
2 614 201 17
2 201 944 43
2 25 188 86
1 67 22 5 3 3 0 1
2 201 221 43
2 753 201 25
1 963 14 1 3 7 2 1
2 295 243 40
2 614 963 25
2 295 944 26
2 221 25 25
2 221 295 24
2 25 963 80
2 963 221 29
2 614 243 50
2 549 67 32
2 243 944 46
2 944 295 24
1 324 18 5 3 7 0 5
2 295 25 41
2 963 944 29
2 944 67 25
2 243 944 46
2 753 295 44
2 324 201 28
1 212 7 13 6 6 4 5
2 25 188 30
2 67 753 75
2 25 243 39
1 106 7 24 6 5 3 4
2 25 212 37
2 25 944 33
2 201 614 23
2 324 614 21
2 295 324 33
2 67 614 37
2 549 944 9
2 944 106 25
2 963 212 25
2 212 295 42
2 295 614 52
2 944 549 31
2 201 221 43
2 212 221 50
1 865 1 1 5 7 4 1
1 94 18 24 7 5 5 0
2 243 549 59
1 239 26 1 3 11 2 7
2 614 106 35
2 188 295 35
2 944 549 23
2 753 212 32
2 106 963 48
2 549 67 32
2 295 201 45
2 324 94 25
2 239 212 39
2 239 94 27
2 944 239 47
2 221 753 44
1 625 18 1 7 3 5 2
2 944 188 29
2 221 188 29
2 549 963 36
2 106 625 52
2 67 221 33
2 753 94 52
2 201 106 20
2 243 67 39
2 549 625 40
2 212 944 50
2 188 324 28
9
0 15
1 1 5 6 4 8 2 0
1 2 10 1 4 9 0 7
2 1 2 11
2 2 1 31
1 3 1 1 8 4 7 1
2 2 1 13
1 4 10 11 4 3 2 0
2 4 1 22
1 5 1 10 3 4 0 2
2 2 1 13
1 6 1 6 3 3 1 2
2 3 1 13
2 4 3 21
9
0 16
1 200 1 11 9 4 5 3
1 410 1 5 4 5 2 4
2 200 410 20
1 885 1 1 9 3 3 0
2 200 885 27
1 631 11 1 4 14 3 6
2 410 631 37
1 580 6 5 4 5 2 0
2 410 580 19
2 580 885 22
2 580 631 20
9
0 18
1 313 5 12 3 5 0 3
1 36 9 1 4 16 0 3
2 313 36 17
1 212 14 1 3 4 0 1
2 36 212 19
1 724 14 12 3 5 1 4
2 212 313 32
1 933 1 1 3 16 1 0
2 933 212 43
2 313 724 49
2 933 724 58
1 169 14 6 3 5 1 4
2 169 724 16
2 36 313 39
1 40 5 6 3 5 1 0
2 40 724 37
2 933 36 14
2 724 212 19
2 933 313 23
2 212 40 44
1 351 5 1 3 4 2 2
2 40 212 22
2 724 36 22
2 351 313 22
2 313 724 49
2 169 40 33
2 933 40 11
9